Date	Open	High	Low	Close
Mar 14, 2018	1071.50	1073.12	924.41	949.47
Mar 13, 2018	1051.07	1100.07	999.75	1064.03
Mar 12, 2018	1143.94	1152.56	1022.03	1051.28
Mar 11, 2018	1002.55	1157.07	973.36	1145.17
Mar 10, 2018	1071.15	1087.30	994.19	1005.93
Mar 09, 2018	1034.69	1071.65	937.97	1067.02
Mar 08, 2018	1094.64	1113.61	1006.86	1040.21
Mar 07, 2018	1205.84	1218.84	1043.70	1092.16
Mar 06, 2018	1264.19	1264.19	1179.85	1206.04
Mar 05, 2018	1287.10	1291.88	1268.03	1268.03
Mar 04, 2018	1267.86	1289.72	1225.10	1289.08
Mar 03, 2018	1274.67	1302.80	1257.76	1270.38
Mar 02, 2018	1284.95	1303.66	1255.37	1275.18
Mar 01, 2018	1204.84	1303.45	1195.03	1291.92
Feb 28, 2018	1243.26	1275.66	1204.16	1204.16
Feb 27, 2018	1255.45	1297.69	1231.99	1246.66
Feb 26, 2018	1177.58	1274.86	1149.44	1250.56
Feb 25, 2018	1191.35	1210.20	1143.07	1178.10
Feb 24, 2018	1266.56	1309.38	1149.48	1193.27
Feb 23, 2018	1217.36	1319.33	1161.42	1270.71
Feb 22, 2018	1304.66	1350.34	1194.05	1219.49
Feb 21, 2018	1412.85	1423.94	1293.47	1308.46
Feb 20, 2018	1543.27	1569.03	1414.35	1418.73
Feb 19, 2018	1483.34	1553.81	1483.34	1534.77
Feb 18, 2018	1552.10	1641.40	1428.49	1487.46
Feb 17, 2018	1548.48	1568.64	1517.14	1551.39
Feb 16, 2018	1373.16	1558.66	1369.68	1552.20
Feb 15, 2018	1358.65	1400.71	1330.18	1375.81
Feb 14, 2018	1229.18	1384.06	1229.18	1362.27
Feb 13, 2018	1285.23	1289.42	1205.73	1231.98
Feb 12, 2018	1222.43	1302.66	1222.43	1283.91
Feb 11, 2018	1255.59	1306.20	1197.87	1217.64
Feb 10, 2018	1311.99	1394.81	1215.72	1257.31
Feb 09, 2018	1273.87	1342.41	1206.39	1312.11
Feb 08, 2018	951.57	1345.20	951.57	1284.56
Feb 07, 2018	971.08	1040.49	902.49	957.96
Feb 06, 2018	890.97	978.91	764.02	974.52
Feb 05, 2018	1159.89	1172.70	839.95	887.41
Feb 04, 2018	1273.17	1286.98	1101.31	1165.38
Feb 03, 2018	1194.23	1314.43	1072.83	1272.50
Feb 02, 2018	1272.50	1272.50	980.78	1191.14
Feb 01, 2018	1491.12	1503.30	1214.88	1274.35
Jan 31, 2018	1470.74	1522.87	1406.25	1486.89
Jan 30, 2018	1657.69	1662.07	1468.17	1470.55
Jan 29, 2018	1745.36	1763.24	1638.33	1657.14
Jan 28, 2018	1636.41	1762.34	1636.41	1746.25
Jan 27, 2018	1602.50	1665.81	1567.78	1628.63
Jan 26, 2018	1637.19	1678.63	1500.37	1603.90
Jan 25, 2018	1661.04	1707.70	1611.04	1642.12
Jan 24, 2018	1622.15	1703.34	1575.42	1639.13
Jan 23, 2018	1623.14	1700.34	1504.72	1621.46
Jan 22, 2018	1794.46	1815.42	1525.50	1621.92
Jan 21, 2018	2033.70	2033.70	1733.99	1776.64
Jan 20, 2018	1784.26	2124.45	1780.45	2032.12
Jan 19, 2018	1740.17	1870.78	1723.87	1769.62
Jan 18, 2018	1752.27	1893.47	1696.25	1756.75
Jan 17, 2018	1767.58	1875.08	1361.02	1748.05
Jan 16, 2018	2406.86	2406.86	1555.97	1772.07
Jan 15, 2018	2541.58	2576.13	2328.31	2401.54
Jan 14, 2018	2687.10	2746.61	2490.04	2553.32
Jan 13, 2018	2617.66	2850.27	2589.03	2685.29
Jan 12, 2018	2475.90	2648.23	2413.33	2620.99
Jan 11, 2018	2891.55	2976.49	2396.84	2462.61
Jan 10, 2018	2390.02	2961.20	2332.48	2895.38
Jan 09, 2018	2412.36	2502.87	2346.68	2391.56
Jan 08, 2018	2786.60	2810.32	2275.07	2421.47
Jan 07, 2018	2784.68	3071.16	2730.31	2786.88
Jan 06, 2018	2583.71	2829.69	2481.36	2786.65
Jan 05, 2018	2400.74	2648.32	2370.59	2584.48
Jan 04, 2018	2608.87	2610.20	2359.30	2430.18
Jan 03, 2018	2700.55	2958.47	2592.56	2608.69
Jan 02, 2018	2434.50	2867.14	2434.50	2711.00
Jan 01, 2018	2534.82	2534.86	2389.52	2432.54
Dec 31, 2017	2376.96	2627.95	2350.03	2533.01
Dec 30, 2017	2791.55	2791.55	2329.47	2392.41
Dec 29, 2017	2587.30	2922.41	2389.04	2779.95
Dec 28, 2017	2888.64	2896.78	2481.30	2566.64
Dec 27, 2017	3108.32	3108.32	2771.05	2889.52
Dec 26, 2017	2947.74	3112.64	2915.80	3108.89
Dec 25, 2017	2929.35	3099.62	2755.60	2954.69
Dec 24, 2017	3260.55	3260.55	2573.44	2903.12
Dec 23, 2017	2746.95	3479.71	2684.82	3257.08
Dec 22, 2017	3324.00	3369.55	1938.36	2696.69
Dec 21, 2017	3909.00	3909.00	3038.01	3267.17
Dec 20, 2017	2825.03	4355.62	2825.03	3923.07
Dec 19, 2017	2199.06	2918.93	2160.92	2805.89
Dec 18, 2017	1869.21	2353.64	1799.12	2196.64
Dec 17, 2017	1812.33	1939.93	1806.65	1862.88
Dec 16, 2017	1824.85	1890.06	1769.50	1801.88
Dec 15, 2017	1974.66	1974.66	1678.06	1815.43
Dec 14, 2017	1600.67	2080.41	1593.15	1966.14
Dec 13, 2017	1616.99	1702.53	1497.94	1607.65
Dec 12, 2017	1427.38	1638.29	1427.38	1615.03
Dec 11, 2017	1320.00	1453.49	1316.85	1423.38
Dec 10, 2017	1411.84	1411.84	1226.21	1323.07
Dec 09, 2017	1464.63	1526.40	1353.90	1410.06
Dec 08, 2017	1329.16	1731.32	1247.93	1464.13
Dec 07, 2017	1430.71	1454.73	1323.75	1330.93
Dec 06, 2017	1498.49	1530.65	1396.16	1430.10
Dec 05, 2017	1580.16	1623.16	1498.00	1501.85
Dec 04, 2017	1560.16	1580.11	1498.98	1576.92
Dec 03, 2017	1435.36	1649.30	1420.60	1559.93
Dec 02, 2017	1462.06	1502.37	1415.49	1434.98
Dec 01, 2017	1381.81	1482.68	1300.46	1462.68
Nov 30, 2017	1380.36	1468.75	1222.10	1389.78
Nov 29, 2017	1541.63	1673.23	1332.14	1359.71
Nov 28, 2017	1621.17	1629.48	1543.08	1546.18
Nov 27, 2017	1722.93	1742.40	1607.79	1622.57
Nov 26, 2017	1571.39	1758.61	1563.35	1735.66
Nov 25, 2017	1634.00	1656.55	1535.77	1571.27
Nov 24, 2017	1651.86	1782.83	1575.76	1648.51
Nov 23, 2017	1302.23	1683.81	1299.95	1683.81
Nov 22, 2017	1175.06	1335.25	1171.60	1303.31
Nov 21, 2017	1220.78	1224.15	1140.88	1176.97
Nov 20, 2017	1172.43	1236.01	1167.28	1236.01
Nov 19, 2017	1260.95	1262.34	1144.08	1172.05
Nov 18, 2017	1197.43	1388.11	1197.43	1254.53
Nov 17, 2017	909.16	1217.42	863.98	1185.48
Nov 16, 2017	1202.17	1210.36	876.57	900.78
Nov 15, 2017	1269.79	1326.39	1191.98	1212.40
Nov 14, 2017	1346.73	1390.21	1211.39	1273.53
Nov 13, 2017	1381.82	1501.16	1043.00	1353.99
Nov 12, 2017	1346.97	2477.65	1215.58	1388.86
Nov 11, 2017	1001.64	1403.66	910.72	1340.45
Nov 10, 2017	651.77	1034.77	651.77	1007.42
Nov 09, 2017	622.31	670.14	619.26	654.30
Nov 08, 2017	615.24	646.38	565.60	622.46
Nov 07, 2017	602.68	626.21	602.45	616.30
Nov 06, 2017	630.31	657.34	602.65	602.65
Nov 05, 2017	619.91	635.72	579.13	630.70
Nov 04, 2017	635.35	642.05	571.12	620.45
Nov 03, 2017	587.32	684.53	577.86	625.32
Nov 02, 2017	527.68	610.39	514.52	587.22
Nov 01, 2017	438.30	538.26	437.91	531.83
Oct 31, 2017	449.37	454.07	431.76	439.05
Oct 30, 2017	458.45	478.42	417.62	448.23
Oct 29, 2017	420.47	526.12	408.40	451.92
Oct 28, 2017	369.54	425.44	369.06	423.35
Oct 27, 2017	338.30	372.81	338.24	367.57
Oct 26, 2017	332.11	350.94	331.21	338.20
Oct 25, 2017	326.59	334.38	320.38	332.13
Oct 24, 2017	315.90	340.45	311.48	326.89
Oct 23, 2017	330.67	332.28	309.87	315.60
Oct 22, 2017	323.50	355.52	323.50	331.66
Oct 21, 2017	326.75	328.45	317.46	323.36
Oct 20, 2017	330.90	332.98	323.08	327.44
Oct 19, 2017	339.27	339.27	326.27	330.81
Oct 18, 2017	373.65	376.18	313.77	339.17
Oct 17, 2017	313.70	394.96	309.64	371.73
Oct 16, 2017	315.26	318.02	310.52	313.64
Oct 15, 2017	322.42	323.59	307.68	314.95
Oct 14, 2017	321.54	327.42	317.35	321.96
Oct 13, 2017	314.15	323.08	304.38	321.46
Oct 12, 2017	315.47	330.13	310.71	313.21
Oct 11, 2017	320.20	321.26	312.13	314.90
Oct 10, 2017	313.22	352.02	311.70	321.59
Oct 09, 2017	342.76	342.76	289.04	314.16
Oct 08, 2017	360.09	362.46	337.00	342.21
Oct 07, 2017	363.60	364.88	356.06	360.78
Oct 06, 2017	355.44	371.28	354.96	363.01
Oct 05, 2017	358.42	371.19	348.45	355.75
Oct 04, 2017	404.20	404.45	354.55	358.45
Oct 03, 2017	421.79	421.79	395.74	404.18
Oct 02, 2017	415.87	430.86	411.84	421.19
Oct 01, 2017	433.38	436.94	415.15	415.15
Sep 30, 2017	436.64	445.62	432.53	432.63
Sep 29, 2017	447.66	447.92	426.99	436.77
Sep 28, 2017	456.71	465.20	433.50	447.81
Sep 27, 2017	441.86	460.00	439.41	457.31
Sep 26, 2017	445.36	458.25	441.83	441.83
Sep 25, 2017	419.65	450.13	419.65	445.80
Sep 24, 2017	428.80	433.04	419.25	421.03
Sep 23, 2017	415.31	432.96	407.45	428.50
Sep 22, 2017	417.92	435.44	402.77	415.09
Sep 21, 2017	475.83	480.00	413.75	416.26
Sep 20, 2017	526.74	527.72	471.09	476.05
Sep 19, 2017	480.64	550.41	450.05	527.88
Sep 18, 2017	422.09	479.69	422.09	479.32
Sep 17, 2017	438.90	438.90	384.06	419.86
Sep 16, 2017	424.49	450.98	388.20	440.22
Sep 15, 2017	369.49	448.39	301.69	424.02
Sep 14, 2017	504.22	510.47	367.04	367.04
Sep 13, 2017	509.47	519.20	471.22	503.61
Sep 12, 2017	539.03	559.22	505.01	510.41
Sep 11, 2017	537.19	556.25	515.67	537.81
Sep 10, 2017	546.48	546.75	484.09	537.07
Sep 09, 2017	584.73	586.18	539.15	547.47
Sep 08, 2017	654.37	687.30	557.50	583.10
Sep 07, 2017	636.85	707.98	603.50	652.86
Sep 06, 2017	541.28	642.69	539.96	638.18
Sep 05, 2017	514.90	550.95	458.78	541.71
Sep 04, 2017	608.26	608.26	500.75	517.24
Sep 03, 2017	578.27	617.41	563.59	607.43
Sep 02, 2017	621.96	642.05	560.58	575.90
Sep 01, 2017	588.40	645.52	586.73	622.17
Aug 31, 2017	576.25	603.69	572.14	588.17
Aug 30, 2017	549.32	604.69	535.92	575.21
Aug 29, 2017	596.13	599.30	528.32	552.93
Aug 28, 2017	619.70	626.88	595.52	596.18
Aug 27, 2017	625.89	654.87	589.63	620.90
Aug 26, 2017	641.88	646.93	622.36	625.32
Aug 25, 2017	627.06	665.41	624.30	641.05
Aug 24, 2017	670.03	697.32	617.31	628.11
Aug 23, 2017	690.96	715.67	651.32	669.40
Aug 22, 2017	596.19	734.88	570.27	690.88
Aug 21, 2017	723.70	756.59	573.47	599.63
Aug 20, 2017	772.42	858.96	683.94	712.87
Aug 19, 2017	697.04	1091.97	625.16	754.56
Aug 18, 2017	458.67	764.07	458.67	690.24
Aug 17, 2017	301.02	460.53	293.10	460.53
Aug 16, 2017	297.97	307.62	290.21	300.21
Aug 15, 2017	298.19	306.52	292.88	297.86
Aug 14, 2017	296.10	327.39	293.50	297.68
Aug 13, 2017	316.29	317.47	298.05	298.05
Aug 12, 2017	327.82	341.85	313.70	317.09
Aug 11, 2017	275.88	351.16	275.02	328.24
Aug 10, 2017	305.21	311.68	274.68	275.95
Aug 09, 2017	345.28	349.32	298.61	303.89
Aug 08, 2017	321.35	386.29	309.61	345.49
Aug 07, 2017	223.76	373.87	223.76	319.69
Aug 06, 2017	212.18	223.70	203.44	220.66
Aug 05, 2017	231.11	273.04	200.98	213.15
Aug 04, 2017	362.18	386.93	233.05	233.05
Aug 03, 2017	448.49	519.28	364.05	364.05
Aug 02, 2017	382.38	756.93	309.33	452.66
Aug 01, 2017	294.60	426.11	210.38	380.01
Jul 31, 2017	346.36	347.82	266.19	294.46
Jul 30, 2017	385.14	385.14	316.25	345.66
Jul 29, 2017	410.56	423.73	323.73	384.77
Jul 28, 2017	386.65	465.18	217.06	406.05
Jul 27, 2017	417.10	460.97	367.78	385.48
Jul 26, 2017	407.08	486.16	321.79	365.82
Jul 25, 2017	441.35	541.66	338.09	406.90
Jul 24, 2017	412.58	578.89	409.21	440.70
Jul 23, 2017	555.89	578.97	411.78	413.06
