Date	Open	High	Low	Close
Jan 30, 2018	12.77	12.77	11.06	11.25
Jan 29, 2018	13.55	13.67	12.68	12.76
Jan 28, 2018	13.30	13.81	13.20	13.54
Jan 27, 2018	13.23	13.44	12.89	13.25
Jan 26, 2018	13.21	13.59	12.29	13.22
Jan 25, 2018	13.76	14.14	13.06	13.23
Jan 24, 2018	13.19	14.19	12.79	13.63
Jan 23, 2018	13.00	13.96	11.79	13.09
Jan 22, 2018	14.20	14.45	11.91	13.01
Jan 21, 2018	16.25	16.25	13.36	14.07
Jan 20, 2018	15.03	16.65	15.03	16.19
Jan 19, 2018	14.31	15.64	13.99	14.94
Jan 18, 2018	14.25	15.96	13.51	14.28
Jan 17, 2018	13.62	15.54	9.66	14.20
Jan 16, 2018	19.63	19.63	10.44	13.89
Jan 15, 2018	20.80	23.60	19.33	19.56
Jan 14, 2018	22.25	22.25	19.14	20.78
Jan 13, 2018	22.35	23.67	21.37	22.17
Jan 12, 2018	21.48	24.91	19.93	22.32
Jan 11, 2018	17.57	23.15	15.29	21.04
Jan 10, 2018	17.71	17.71	15.17	17.39
Jan 09, 2018	18.17	20.32	16.80	17.41
Jan 08, 2018	18.65	19.22	15.35	18.26
Jan 07, 2018	22.77	22.77	18.24	18.66
Jan 06, 2018	14.87	23.51	14.82	22.76
Jan 05, 2018	9.15	16.72	9.09	14.92
Jan 04, 2018	9.45	9.54	8.85	9.21
Jan 03, 2018	8.77	9.58	8.53	9.54
Jan 02, 2018	8.46	9.12	8.22	8.84
Jan 01, 2018	8.63	8.70	7.96	8.41
Dec 31, 2017	7.76	8.84	7.71	8.64
Dec 30, 2017	8.71	8.76	7.19	7.84
Dec 29, 2017	9.32	9.53	8.54	8.81
Dec 28, 2017	10.13	10.20	8.15	9.32
Dec 27, 2017	9.25	11.30	8.49	10.11
Dec 26, 2017	6.56	10.62	6.50	9.03
Dec 25, 2017	5.31	6.96	5.25	6.56
Dec 24, 2017	4.74	5.29	4.20	5.29
Dec 23, 2017	4.39	5.13	4.31	4.84
Dec 22, 2017	5.21	5.21	3.51	4.34
Dec 21, 2017	5.18	5.70	4.81	5.18
Dec 20, 2017	5.79	5.79	4.93	5.18
Dec 19, 2017	5.65	6.55	5.58	5.79
Dec 18, 2017	5.79	6.22	5.28	5.62
Dec 17, 2017	4.67	6.75	4.67	5.76
Dec 16, 2017	4.17	4.73	3.92	4.66
Dec 15, 2017	3.16	4.41	3.14	4.00
Dec 14, 2017	2.77	3.16	2.77	3.16
Dec 13, 2017	2.69	2.88	2.57	2.78
Dec 12, 2017	2.73	2.78	2.61	2.68
Dec 11, 2017	2.51	2.82	2.50	2.71
Dec 10, 2017	2.66	2.70	2.21	2.48
Dec 09, 2017	2.83	2.87	2.33	2.61
Dec 08, 2017	2.77	2.87	2.26	2.83
Dec 07, 2017	2.55	2.91	2.49	2.78
Dec 06, 2017	2.58	2.78	2.35	2.59
Dec 05, 2017	2.50	2.73	2.50	2.60
Dec 04, 2017	2.26	2.58	2.26	2.49
Dec 03, 2017	2.09	2.38	2.05	2.23
Dec 02, 2017	2.08	2.12	2.00	2.08
Dec 01, 2017	2.00	2.14	1.92	2.07
Nov 30, 2017	1.76	2.05	1.76	2.00
Nov 29, 2017	1.92	2.05	1.68	1.75
Nov 28, 2017	1.96	1.96	1.87	1.92
Nov 27, 2017	1.87	1.95	1.79	1.94
Nov 26, 2017	1.89	1.94	1.83	1.85
Nov 25, 2017	1.72	1.96	1.69	1.87
Nov 24, 2017	1.57	1.82	1.56	1.72
Nov 23, 2017	1.61	1.62	1.54	1.55
Nov 22, 2017	1.59	1.62	1.56	1.61
Nov 21, 2017	1.66	1.66	1.55	1.57
Nov 20, 2017	1.63	1.66	1.56	1.62
Nov 19, 2017	1.67	1.70	1.57	1.61
Nov 18, 2017	1.51	1.68	1.50	1.67
Nov 17, 2017	1.58	1.58	1.50	1.51
Nov 16, 2017	1.56	1.68	1.54	1.58
Nov 15, 2017	1.59	1.62	1.50	1.53
Nov 14, 2017	1.69	1.74	1.57	1.59
Nov 13, 2017	1.53	1.74	1.52	1.69
Nov 12, 2017	1.67	1.67	1.46	1.52
Nov 11, 2017	1.79	1.92	1.61	1.67
Nov 10, 2017	2.01	2.07	1.64	1.80
Nov 09, 2017	2.05	2.17	1.89	1.99
Nov 08, 2017	1.80	2.06	1.78	2.03
Nov 07, 2017	1.57	1.82	1.55	1.81
Nov 06, 2017	1.53	1.67	1.48	1.57
Nov 05, 2017	1.64	1.64	1.46	1.52
Nov 04, 2017	1.46	1.70	1.40	1.64
Nov 03, 2017	1.29	1.48	1.29	1.46
Nov 02, 2017	1.26	1.37	1.20	1.30
Nov 01, 2017	1.34	1.34	1.22	1.26
Oct 31, 2017	1.34	1.41	1.27	1.31
Oct 30, 2017	1.23	1.36	1.20	1.31
Oct 29, 2017	1.18	1.26	1.16	1.24
Oct 28, 2017	1.18	1.20	1.14	1.15
Oct 27, 2017	1.21	1.22	1.11	1.17
Oct 26, 2017	1.26	1.26	1.10	1.21
Oct 25, 2017	1.24	1.27	1.17	1.25
Oct 24, 2017	1.18	1.38	1.14	1.25
Oct 23, 2017	1.23	1.28	1.10	1.18
Oct 22, 2017	1.26	1.30	1.18	1.21
Oct 21, 2017	1.24	1.27	1.17	1.25
Oct 20, 2017	1.28	1.37	1.22	1.24
Oct 19, 2017	1.33	1.35	1.25	1.28
Oct 18, 2017	1.39	1.42	1.21	1.33
Oct 17, 2017	1.44	1.47	1.36	1.39
Oct 16, 2017	1.56	1.60	1.39	1.44
Oct 15, 2017	1.50	1.68	1.41	1.56
Oct 14, 2017	1.47	1.54	1.41	1.54
Oct 13, 2017	1.34	1.51	1.18	1.44
Oct 12, 2017	1.43	1.44	1.28	1.34
Oct 11, 2017	1.40	1.46	1.38	1.43
Oct 10, 2017	1.43	1.47	1.34	1.39
Oct 09, 2017	1.21	1.58	1.21	1.40
Oct 08, 2017	1.58	1.60	1.22	1.22
Oct 07, 2017	1.61	1.61	1.50	1.58
Oct 06, 2017	1.68	1.71	1.53	1.58
Oct 05, 2017	1.63	1.74	1.42	1.68
Oct 04, 2017	1.85	1.86	1.52	1.60
Oct 03, 2017	1.97	2.03	1.67	1.82
Oct 02, 2017	1.53	1.98	1.51	1.96
Oct 01, 2017	1.28	1.53	1.26	1.53
Sep 30, 2017	1.27	1.31	1.23	1.28
Sep 29, 2017	1.37	1.37	1.14	1.27
Sep 28, 2017	1.15	1.43	1.15	1.38
Sep 27, 2017	0.855698	1.20	0.855698	1.14
Sep 26, 2017	0.918922	0.940082	0.859212	0.860747
Sep 25, 2017	0.784244	0.936568	0.773316	0.917059
Sep 24, 2017	0.775804	0.788347	0.736221	0.783268
Sep 23, 2017	0.717196	0.777400	0.707845	0.770965
Sep 22, 2017	0.698871	0.740154	0.683260	0.715893
Sep 21, 2017	0.764013	0.781775	0.684281	0.702140
Sep 20, 2017	0.815032	0.816384	0.743676	0.747890
Sep 19, 2017	0.907398	0.909132	0.787653	0.802425
Sep 18, 2017	0.789565	0.937029	0.787604	0.909202
Sep 17, 2017	0.803423	0.814797	0.733745	0.789589
Sep 16, 2017	0.808056	0.927197	0.746113	0.804198
Sep 15, 2017	0.683305	0.849217	0.526755	0.799709
Sep 14, 2017	0.937870	0.950177	0.673482	0.678784
Sep 13, 2017	1.04	1.04	0.880241	0.937204
Sep 12, 2017	1.03	1.21	0.987632	1.04
Sep 11, 2017	0.949186	1.10	0.902000	1.03
Sep 10, 2017	0.982078	1.00	0.852385	0.942159
Sep 09, 2017	1.01	1.03	0.863061	0.989301
Sep 08, 2017	1.40	1.40	0.946601	1.01
Sep 07, 2017	1.03	1.51	0.956745	1.37
Sep 06, 2017	0.990521	1.17	0.735500	1.09
Sep 05, 2017	1.03	1.12	0.740622	0.973716
Sep 04, 2017	1.58	1.58	0.613010	1.05
Sep 03, 2017	1.93	2.02	1.42	1.58
Sep 02, 2017	2.50	2.85	1.72	1.99
Sep 01, 2017	2.20	2.39	2.12	2.38
Aug 31, 2017	2.33	2.41	2.20	2.20
Aug 30, 2017	2.28	2.37	2.09	2.35
Aug 29, 2017	2.11	2.33	1.99	2.33
Aug 28, 2017	2.02	2.17	1.96	2.04
Aug 27, 2017	2.18	2.31	1.86	2.01
Aug 26, 2017	2.53	2.54	1.96	2.17
Aug 25, 2017	2.39	2.73	2.39	2.50
Aug 24, 2017	2.63	2.66	2.28	2.38
Aug 23, 2017	2.47	2.96	2.47	2.58
Aug 22, 2017	2.72	2.72	2.22	2.49
Aug 21, 2017	2.43	2.91	2.43	2.70
Aug 20, 2017	2.11	2.69	2.08	2.50
Aug 19, 2017	2.33	2.33	1.82	2.09
Aug 18, 2017	1.93	2.75	1.89	2.38
Aug 17, 2017	1.44	2.11	1.32	1.97
Aug 16, 2017	1.12	1.45	1.08	1.44
Aug 15, 2017	1.33	1.38	0.923372	1.06
Aug 14, 2017	0.872918	1.46	0.735764	1.30
Aug 13, 2017	0.445990	1.02	0.445990	0.876828
Aug 12, 2017	0.392193	0.475992	0.337589	0.446365
Aug 11, 2017	0.348785	0.409654	0.311067	0.392572
Aug 10, 2017	0.251827	0.349976	0.245052	0.349079
Aug 09, 2017	0.224748	0.260625	0.222158	0.242912
Aug 08, 2017	0.148998	0.226925	0.147766	0.224421
Aug 07, 2017	0.133958	0.149765	0.133300	0.148848
Aug 06, 2017	0.129293	0.132988	0.127380	0.130999
Aug 05, 2017	0.107418	0.144653	0.107070	0.128871
Aug 04, 2017	0.106685	0.107756	0.102699	0.107494
Aug 03, 2017	0.100328	0.106978	0.099120	0.106642
Aug 02, 2017	0.099721	0.101211	0.097361	0.100452
Aug 01, 2017	0.104595	0.106266	0.096109	0.099867
Jul 31, 2017	0.106828	0.108349	0.101600	0.104250
Jul 30, 2017	0.107935	0.108138	0.103162	0.106414
Jul 29, 2017	0.104782	0.111264	0.101108	0.107811
Jul 28, 2017	0.107632	0.109019	0.101473	0.104067
Jul 27, 2017	0.105108	0.108479	0.100888	0.107737
Jul 26, 2017	0.105893	0.109013	0.099266	0.105138
Jul 25, 2017	0.115203	0.115841	0.101531	0.105870
