Date	Open	High	Low	Close
Jan 18, 2018	186.95	207.02	176.83	192.84
Jan 17, 2018	190.15	197.79	141.01	186.52
Jan 16, 2018	232.82	232.82	152.29	188.33
Jan 15, 2018	237.29	245.00	232.77	232.77
Jan 14, 2018	260.58	270.85	234.27	238.68
Jan 13, 2018	236.88	263.19	236.88	259.19
Jan 12, 2018	229.79	243.59	224.82	236.86
Jan 11, 2018	251.52	255.05	223.00	229.37
Jan 10, 2018	248.07	251.05	233.86	250.52
Jan 09, 2018	254.61	258.50	240.18	247.04
Jan 08, 2018	287.73	289.07	237.66	255.76
Jan 07, 2018	296.05	305.53	281.93	288.45
Jan 06, 2018	249.77	323.12	249.41	296.45
Jan 05, 2018	241.03	256.15	237.88	249.27
Jan 04, 2018	245.47	245.47	227.01	241.37
Jan 03, 2018	255.69	260.74	243.13	245.37
Jan 02, 2018	228.99	263.63	228.99	255.68
Jan 01, 2018	231.67	236.63	222.20	229.03
Dec 31, 2017	216.97	237.79	213.81	232.10
Dec 30, 2017	245.09	245.43	208.20	218.96
Dec 29, 2017	250.35	258.04	238.33	245.50
Dec 28, 2017	272.13	273.18	231.38	249.93
Dec 27, 2017	286.59	290.94	264.42	272.17
Dec 26, 2017	273.11	289.51	272.26	286.50
Dec 25, 2017	277.49	286.79	269.57	273.39
Dec 24, 2017	291.01	291.01	251.04	275.98
Dec 23, 2017	269.27	312.67	261.64	288.27
Dec 22, 2017	319.26	320.30	187.48	264.93
Dec 21, 2017	314.66	339.74	299.53	317.46
Dec 20, 2017	349.60	349.60	308.63	314.62
Dec 19, 2017	359.13	375.29	335.68	350.25
Dec 18, 2017	318.95	360.93	302.00	358.34
Dec 17, 2017	301.78	332.59	301.78	318.72
Dec 16, 2017	299.34	309.90	290.13	298.97
Dec 15, 2017	280.97	316.41	251.22	299.78
Dec 14, 2017	301.20	311.32	265.66	279.33
Dec 13, 2017	315.36	341.80	287.48	302.60
Dec 12, 2017	212.46	341.72	209.68	316.16
Dec 11, 2017	148.26	225.29	147.34	214.20
Dec 10, 2017	155.63	155.63	130.16	148.66
Dec 09, 2017	127.48	171.55	126.59	155.24
Dec 08, 2017	98.33	133.07	95.40	124.85
Dec 07, 2017	99.98	101.34	92.27	98.29
Dec 06, 2017	102.48	104.82	97.31	100.35
Dec 05, 2017	104.28	104.30	101.84	102.40
Dec 04, 2017	101.40	104.24	96.53	104.24
Dec 03, 2017	100.19	106.39	98.10	101.26
Dec 02, 2017	98.94	103.80	98.32	100.28
Dec 01, 2017	88.00	100.41	83.74	99.00
Nov 30, 2017	86.25	93.54	78.08	88.33
Nov 29, 2017	96.01	104.61	81.77	85.57
Nov 28, 2017	91.72	96.03	90.34	96.03
Nov 27, 2017	85.89	93.29	85.89	91.60
Nov 26, 2017	88.94	88.94	84.02	85.93
Nov 25, 2017	77.91	89.37	77.52	88.82
Nov 24, 2017	73.14	77.97	72.81	77.97
Nov 23, 2017	71.98	76.40	70.90	73.22
Nov 22, 2017	70.18	71.95	70.18	71.89
Nov 21, 2017	72.20	72.53	68.11	70.03
Nov 20, 2017	71.41	72.92	70.79	72.25
Nov 19, 2017	69.51	72.98	68.60	71.59
Nov 18, 2017	67.41	69.77	65.71	69.64
Nov 17, 2017	70.45	71.12	65.78	67.57
Nov 16, 2017	63.81	72.48	62.94	71.06
Nov 15, 2017	62.78	65.52	62.71	63.82
Nov 14, 2017	61.64	63.81	60.87	62.68
Nov 13, 2017	59.18	62.76	58.85	61.40
Nov 12, 2017	62.31	62.31	57.41	59.01
Nov 11, 2017	59.35	63.71	59.24	62.30
Nov 10, 2017	64.44	65.90	56.91	59.26
Nov 09, 2017	62.49	66.84	61.73	64.27
Nov 08, 2017	61.11	64.06	60.79	62.57
Nov 07, 2017	54.99	63.81	54.99	61.30
Nov 06, 2017	54.76	56.17	53.95	55.17
Nov 05, 2017	55.03	55.48	54.63	54.75
Nov 04, 2017	56.22	56.37	54.94	55.04
Nov 03, 2017	54.58	56.29	54.28	56.18
Nov 02, 2017	53.56	55.28	50.85	54.74
Nov 01, 2017	55.74	55.74	53.18	53.18
Oct 31, 2017	56.37	56.79	55.72	55.75
Oct 30, 2017	56.84	58.55	56.24	56.39
Oct 29, 2017	54.67	57.75	54.49	57.11
Oct 28, 2017	55.38	56.13	54.57	54.69
Oct 27, 2017	55.67	56.25	55.15	55.33
Oct 26, 2017	56.47	57.15	55.28	55.74
Oct 25, 2017	55.95	56.58	54.09	56.49
Oct 24, 2017	54.96	59.10	53.29	55.96
Oct 23, 2017	56.77	56.77	52.87	54.92
Oct 22, 2017	58.27	58.65	56.44	56.81
Oct 21, 2017	60.30	60.52	56.83	58.20
Oct 20, 2017	59.81	61.88	58.56	60.33
Oct 19, 2017	60.82	61.29	58.71	59.74
Oct 18, 2017	59.59	61.75	53.79	60.73
Oct 17, 2017	64.67	64.70	58.85	59.48
Oct 16, 2017	65.72	66.34	62.69	64.62
Oct 15, 2017	64.13	70.09	62.55	65.47
Oct 14, 2017	59.41	66.19	58.60	63.95
Oct 13, 2017	60.55	60.96	55.84	59.43
Oct 12, 2017	50.89	60.11	50.87	60.11
Oct 11, 2017	50.75	51.14	50.32	50.89
Oct 10, 2017	50.15	51.67	49.86	50.72
Oct 09, 2017	53.08	53.39	48.47	50.16
Oct 08, 2017	52.49	54.51	52.26	53.14
Oct 07, 2017	52.14	52.75	51.64	52.58
Oct 06, 2017	51.64	52.60	51.53	52.12
Oct 05, 2017	51.40	51.87	50.44	51.67
Oct 04, 2017	52.28	53.05	50.83	51.40
Oct 03, 2017	53.39	53.59	51.59	52.35
Oct 02, 2017	54.55	54.78	53.26	53.38
Oct 01, 2017	55.14	55.16	53.63	54.54
Sep 30, 2017	52.63	55.23	52.62	55.14
Sep 29, 2017	54.11	54.16	50.42	52.62
Sep 28, 2017	56.21	56.67	53.41	54.09
Sep 27, 2017	51.58	56.54	51.58	56.28
Sep 26, 2017	51.69	53.70	51.08	51.55
Sep 25, 2017	47.62	52.44	47.57	51.58
Sep 24, 2017	49.25	49.27	47.52	47.62
Sep 23, 2017	48.16	49.79	46.69	49.27
Sep 22, 2017	46.65	49.09	45.19	48.09
Sep 21, 2017	51.66	52.31	45.67	46.61
Sep 20, 2017	52.74	53.83	51.25	51.73
Sep 19, 2017	55.68	55.88	51.05	52.84
Sep 18, 2017	48.53	55.61	48.53	55.53
Sep 17, 2017	48.23	49.88	45.12	48.49
Sep 16, 2017	48.13	52.83	46.46	48.26
Sep 15, 2017	41.69	50.65	32.03	48.21
Sep 14, 2017	61.64	62.43	41.25	41.58
Sep 13, 2017	64.32	64.60	58.93	61.73
Sep 12, 2017	66.24	70.25	63.86	64.23
Sep 11, 2017	61.65	67.23	61.37	66.04
Sep 10, 2017	65.80	65.95	57.06	61.61
Sep 09, 2017	67.21	69.55	64.01	66.01
Sep 08, 2017	78.45	80.13	63.83	67.79
Sep 07, 2017	79.88	81.06	75.59	78.48
Sep 06, 2017	71.78	80.64	71.51	80.11
Sep 05, 2017	65.25	72.44	59.05	71.29
Sep 04, 2017	76.73	76.73	61.24	65.21
Sep 03, 2017	78.98	82.83	73.61	76.84
Sep 02, 2017	85.83	92.07	72.23	79.02
Sep 01, 2017	70.86	87.41	70.01	86.04
Aug 31, 2017	64.16	72.28	64.04	71.06
Aug 30, 2017	63.16	64.21	60.90	64.17
Aug 29, 2017	62.39	63.29	61.26	63.17
Aug 28, 2017	61.36	64.92	59.87	62.36
Aug 27, 2017	51.80	64.44	51.64	61.16
Aug 26, 2017	51.17	52.26	50.45	51.75
Aug 25, 2017	50.17	52.13	49.84	51.18
Aug 24, 2017	52.82	53.28	50.19	50.19
Aug 23, 2017	46.71	54.78	46.48	53.25
Aug 22, 2017	47.90	47.90	45.48	46.73
Aug 21, 2017	46.19	48.75	45.62	47.94
Aug 20, 2017	45.38	47.55	44.75	46.23
Aug 19, 2017	47.05	47.08	43.78	45.48
Aug 18, 2017	43.90	47.86	43.59	47.28
Aug 17, 2017	44.18	44.83	43.78	43.91
Aug 16, 2017	43.37	45.06	42.57	44.15
Aug 15, 2017	45.81	45.84	42.29	43.31
Aug 14, 2017	45.83	46.51	45.43	45.80
Aug 13, 2017	46.57	48.07	44.33	45.81
Aug 12, 2017	47.05	47.62	46.29	46.43
Aug 11, 2017	46.40	47.33	46.40	47.10
Aug 10, 2017	48.05	48.51	46.50	46.50
Aug 09, 2017	48.59	50.23	47.16	48.01
Aug 08, 2017	45.90	49.37	45.79	48.63
Aug 07, 2017	45.17	46.48	45.12	45.80
Aug 06, 2017	46.84	47.30	45.10	45.10
Aug 05, 2017	43.49	46.92	43.48	46.86
Aug 04, 2017	42.89	43.71	42.82	43.45
Aug 03, 2017	42.19	43.17	42.13	42.86
Aug 02, 2017	43.07	43.21	42.07	42.13
Aug 01, 2017	43.02	43.77	41.09	43.04
Jul 31, 2017	40.34	44.03	38.95	43.02
Jul 30, 2017	41.18	41.82	40.06	40.42
Jul 29, 2017	40.56	41.34	38.74	41.12
Jul 28, 2017	42.22	42.47	35.94	40.61
Jul 27, 2017	42.35	42.62	41.39	42.14
Jul 26, 2017	42.29	42.70	40.63	42.23
Jul 25, 2017	44.48	44.79	41.07	42.24
Jul 24, 2017	44.16	44.81	43.29	44.41
Jul 23, 2017	46.63	46.64	42.94	44.06
Jul 22, 2017	45.77	46.80	45.45	46.56
Jul 21, 2017	45.07	47.45	44.52	45.76
Jul 20, 2017	40.96	45.45	40.96	45.02
Jul 19, 2017	44.35	44.42	40.56	40.86
Jul 18, 2017	42.62	45.33	41.47	44.30
Jul 17, 2017	41.19	43.07	40.17	42.67
Jul 16, 2017	38.92	41.97	36.38	40.91
Jul 15, 2017	42.81	42.81	37.78	38.92
Jul 14, 2017	46.36	46.48	40.80	42.80
Jul 13, 2017	48.72	49.05	45.39	46.33
Jul 12, 2017	45.26	49.07	44.07	48.75
Jul 11, 2017	46.27	47.39	43.65	45.33
Jul 10, 2017	49.91	50.53	44.74	46.58
Jul 09, 2017	52.36	53.31	49.53	49.58
Jul 08, 2017	46.64	52.75	44.67	52.14
Jul 07, 2017	51.10	51.14	45.63	46.58
Jul 06, 2017	53.20	53.20	50.12	51.13
Jul 05, 2017	55.27	56.03	50.60	53.19
Jul 04, 2017	46.56	55.42	46.56	55.33
Jul 03, 2017	41.48	48.40	40.97	46.43
Jul 02, 2017	38.95	43.27	37.80	41.57
Jul 01, 2017	40.40	40.58	38.47	38.99
Jun 30, 2017	41.04	41.75	40.17	40.35
Jun 29, 2017	42.83	42.83	40.35	41.07
Jun 28, 2017	40.82	43.61	39.18	42.85
Jun 27, 2017	41.13	41.39	36.20	40.54
Jun 26, 2017	44.04	44.35	37.55	41.13
Jun 25, 2017	44.49	46.22	43.05	43.92
Jun 24, 2017	47.25	47.44	44.01	44.49
Jun 23, 2017	47.75	48.42	47.27	47.34
Jun 22, 2017	47.72	48.85	45.87	47.71
Jun 21, 2017	47.30	49.73	44.22	47.79
Jun 20, 2017	50.41	51.47	45.75	47.22
Jun 19, 2017	46.16	53.55	44.99	50.32
Jun 18, 2017	47.44	47.44	42.43	46.04
Jun 17, 2017	36.18	49.30	36.18	47.65
Jun 16, 2017	30.28	35.70	29.55	35.70
Jun 15, 2017	30.22	30.37	27.31	30.22
Jun 14, 2017	30.74	32.06	29.32	30.22
Jun 13, 2017	29.49	30.64	29.33	30.64
Jun 12, 2017	33.23	33.23	27.80	29.50
Jun 11, 2017	30.50	33.56	30.16	33.22
Jun 10, 2017	29.68	30.59	29.66	30.44
Jun 09, 2017	30.19	30.59	29.62	29.68
Jun 08, 2017	28.38	30.34	27.88	30.21
Jun 07, 2017	30.57	30.68	28.37	28.39
Jun 06, 2017	30.84	31.33	29.26	30.55
Jun 05, 2017	28.09	30.99	28.09	30.84
Jun 04, 2017	27.65	27.94	26.95	27.94
Jun 03, 2017	29.04	29.17	26.63	27.66
Jun 02, 2017	28.90	29.89	27.74	28.94
Jun 01, 2017	25.34	29.62	25.30	28.80
May 31, 2017	24.29	25.57	23.18	25.30
May 30, 2017	25.32	26.13	24.03	24.14
May 29, 2017	24.32	25.69	23.28	25.21
May 28, 2017	24.01	26.07	22.11	24.22
May 27, 2017	23.40	25.43	20.10	23.74
May 26, 2017	30.33	31.32	22.56	23.75
May 25, 2017	34.47	36.21	28.87	29.90
May 24, 2017	32.12	35.16	31.71	34.45
May 23, 2017	25.30	32.11	24.93	32.11
May 22, 2017	26.14	27.50	23.27	25.38
May 21, 2017	27.48	28.74	25.73	26.30
May 20, 2017	27.68	28.16	27.20	27.51
May 19, 2017	28.29	28.41	26.78	27.70
May 18, 2017	25.17	29.01	25.12	28.36
May 17, 2017	23.24	25.95	20.80	25.40
May 16, 2017	25.34	25.34	22.81	23.33
May 15, 2017	28.89	28.93	25.19	25.37
May 14, 2017	29.09	30.45	27.79	28.89
May 13, 2017	27.22	28.91	25.52	28.91
May 12, 2017	30.93	31.68	27.37	27.45
May 11, 2017	32.66	32.91	28.03	30.72
May 10, 2017	33.30	37.33	31.22	31.96
May 09, 2017	28.96	33.76	24.49	33.58
May 08, 2017	30.37	30.74	27.33	28.96
May 07, 2017	28.20	31.37	28.20	30.29
May 06, 2017	26.47	28.59	25.49	28.16
May 05, 2017	23.47	27.85	23.42	26.27
May 04, 2017	21.04	25.69	20.86	23.39
May 03, 2017	15.88	21.80	15.67	21.04
May 02, 2017	15.92	16.23	15.15	15.89
May 01, 2017	15.71	16.37	14.88	15.92
Apr 30, 2017	15.70	16.07	15.47	15.71
Apr 29, 2017	14.40	15.77	14.36	15.74
Apr 28, 2017	14.59	14.78	14.06	14.34
Apr 27, 2017	14.84	15.00	13.47	14.62
Apr 26, 2017	15.21	15.79	14.56	14.85
Apr 25, 2017	14.98	15.43	14.24	15.21
Apr 24, 2017	13.96	14.97	13.33	14.97
Apr 23, 2017	13.07	14.41	12.95	13.94
Apr 22, 2017	11.18	13.07	11.11	13.06
Apr 21, 2017	10.29	11.54	10.16	11.23
Apr 20, 2017	9.63	10.66	9.59	10.33
Apr 19, 2017	10.31	10.35	9.59	9.66
Apr 18, 2017	10.42	10.94	9.97	10.32
Apr 17, 2017	10.60	11.18	10.39	10.42
Apr 16, 2017	10.75	10.90	10.67	10.71
Apr 15, 2017	10.34	11.00	10.20	10.79
Apr 14, 2017	10.13	10.51	9.68	10.39
Apr 13, 2017	10.76	10.77	9.93	10.15
Apr 12, 2017	8.83	11.06	8.83	10.79
Apr 11, 2017	8.91	9.28	8.66	8.85
Apr 10, 2017	8.72	9.20	8.19	8.92
Apr 09, 2017	9.89	10.01	8.43	8.71
Apr 08, 2017	9.34	10.35	9.33	9.92
Apr 07, 2017	10.22	10.56	9.19	9.37
Apr 06, 2017	11.12	11.45	9.66	10.25
Apr 05, 2017	8.25	11.42	7.96	11.09
Apr 04, 2017	8.12	8.96	7.53	8.29
Apr 03, 2017	7.74	8.64	7.24	8.07
Apr 02, 2017	6.86	7.94	6.65	7.74
Apr 01, 2017	6.65	6.98	6.31	6.88
Mar 31, 2017	7.02	7.07	5.85	6.67
Mar 30, 2017	4.18	7.04	4.15	6.98
Mar 29, 2017	4.14	4.20	4.09	4.19
Mar 28, 2017	4.07	4.18	4.06	4.16
Mar 27, 2017	4.07	4.14	4.04	4.08
Mar 26, 2017	4.07	4.10	4.03	4.06
Mar 25, 2017	4.07	4.12	3.97	4.07
Mar 24, 2017	3.97	4.13	3.94	4.08
Mar 23, 2017	3.93	4.00	3.92	3.98
Mar 22, 2017	3.99	4.01	3.89	3.94
Mar 21, 2017	4.04	4.04	3.98	4.01
Mar 20, 2017	3.95	4.05	3.89	4.03
Mar 19, 2017	3.96	4.03	3.90	3.96
Mar 18, 2017	4.04	4.16	3.86	3.97
Mar 17, 2017	4.23	4.23	4.04	4.06
Mar 16, 2017	4.15	4.38	4.10	4.24
Mar 15, 2017	4.05	4.18	4.00	4.16
Mar 14, 2017	4.17	4.17	4.01	4.06
Mar 13, 2017	3.85	4.25	3.83	4.17
Mar 12, 2017	3.79	3.86	3.78	3.84
Mar 11, 2017	3.76	3.84	3.75	3.80
Mar 10, 2017	3.83	3.88	3.73	3.75
Mar 09, 2017	3.77	3.84	3.76	3.84
Mar 08, 2017	3.81	3.82	3.75	3.78
Mar 07, 2017	3.89	3.91	3.80	3.82
Mar 06, 2017	3.87	3.93	3.86	3.92
Mar 05, 2017	3.86	3.90	3.84	3.90
Mar 04, 2017	3.91	3.92	3.86	3.88
Mar 03, 2017	3.92	4.00	3.90	3.92
Mar 02, 2017	3.80	4.11	3.78	3.92
Mar 01, 2017	3.77	3.81	3.76	3.80
Feb 28, 2017	3.80	3.82	3.76	3.77
Feb 27, 2017	3.81	3.83	3.80	3.80
Feb 26, 2017	3.82	3.85	3.80	3.83
Feb 25, 2017	3.85	3.86	3.81	3.83
Feb 24, 2017	3.83	3.88	3.82	3.85
Feb 23, 2017	3.80	3.85	3.80	3.84
Feb 22, 2017	3.79	3.84	3.78	3.81
Feb 21, 2017	3.76	3.80	3.76	3.78
Feb 20, 2017	3.77	3.78	3.75	3.77
Feb 19, 2017	3.79	3.79	3.74	3.76
Feb 18, 2017	3.83	3.83	3.78	3.79
Feb 17, 2017	3.78	3.84	3.77	3.83
Feb 16, 2017	3.80	3.82	3.78	3.79
Feb 15, 2017	3.77	3.82	3.76	3.81
Feb 14, 2017	3.72	3.77	3.71	3.77
Feb 13, 2017	3.77	3.77	3.70	3.72
Feb 12, 2017	3.80	3.80	3.75	3.76
Feb 11, 2017	3.78	3.80	3.77	3.79
Feb 10, 2017	3.80	3.81	3.70	3.78
Feb 09, 2017	4.03	4.08	3.71	3.80
Feb 08, 2017	4.05	4.08	3.97	4.02
Feb 07, 2017	4.05	4.08	4.04	4.04
Feb 06, 2017	4.06	4.08	4.04	4.04
Feb 05, 2017	4.07	4.07	4.02	4.04
Feb 04, 2017	4.08	4.10	4.02	4.06
Feb 03, 2017	4.08	4.11	4.04	4.08
Feb 02, 2017	4.08	4.09	4.02	4.09
Feb 01, 2017	4.08	4.13	4.03	4.08
Jan 31, 2017	4.02	4.10	4.02	4.08
Jan 30, 2017	3.86	4.02	3.86	4.02
Jan 29, 2017	3.85	3.86	3.84	3.85
Jan 28, 2017	3.85	3.87	3.84	3.85
Jan 27, 2017	3.84	3.86	3.81	3.86
Jan 26, 2017	3.71	3.84	3.71	3.83
Jan 25, 2017	3.79	3.80	3.69	3.71
Jan 24, 2017	3.84	3.84	3.78	3.79
Jan 23, 2017	3.86	3.86	3.82	3.84
Jan 22, 2017	3.90	3.92	3.82	3.84
Jan 21, 2017	3.89	3.92	3.89	3.90
Jan 20, 2017	3.86	3.91	3.84	3.89
Jan 19, 2017	3.84	3.93	3.81	3.86
Jan 18, 2017	3.94	3.95	3.78	3.84
Jan 17, 2017	3.91	3.95	3.85	3.94
Jan 16, 2017	3.92	3.96	3.87	3.90
Jan 15, 2017	3.89	3.95	3.88	3.93
Jan 14, 2017	3.89	3.95	3.87	3.90
Jan 13, 2017	3.95	3.96	3.80	3.89
Jan 12, 2017	3.84	4.02	3.78	3.96
Jan 11, 2017	4.60	4.64	3.80	3.85
Jan 10, 2017	4.30	4.68	4.29	4.59
Jan 09, 2017	4.00	4.36	3.93	4.30
Jan 08, 2017	3.96	4.02	3.90	3.99
Jan 07, 2017	3.86	3.96	3.61	3.96
Jan 06, 2017	4.30	4.35	3.84	3.86
Jan 05, 2017	4.91	4.95	4.23	4.29
Jan 04, 2017	4.63	4.84	4.63	4.84
Jan 03, 2017	4.66	4.73	4.56	4.63
Jan 02, 2017	4.52	4.74	4.48	4.65
Jan 01, 2017	4.33	4.52	4.33	4.51
Dec 31, 2016	4.39	4.40	4.29	4.33
Dec 30, 2016	4.56	4.56	4.29	4.39
Dec 29, 2016	4.58	4.63	4.51	4.56
Dec 28, 2016	4.49	4.67	4.49	4.57
Dec 27, 2016	4.37	4.58	4.33	4.47
Dec 26, 2016	4.35	4.47	4.28	4.36
Dec 25, 2016	4.56	4.57	4.22	4.35
Dec 24, 2016	4.65	4.77	4.42	4.55
Dec 23, 2016	3.72	4.66	3.71	4.66
Dec 22, 2016	3.67	3.75	3.66	3.71
Dec 21, 2016	3.66	3.69	3.65	3.65
Dec 20, 2016	3.66	3.66	3.64	3.66
Dec 19, 2016	3.68	3.68	3.65	3.66
Dec 18, 2016	3.70	3.71	3.66	3.68
Dec 17, 2016	3.63	3.71	3.61	3.70
Dec 16, 2016	3.63	3.65	3.61	3.63
Dec 15, 2016	3.61	3.65	3.60	3.62
Dec 14, 2016	3.66	3.66	3.59	3.62
Dec 13, 2016	3.67	3.70	3.65	3.65
Dec 12, 2016	3.64	3.67	3.62	3.66
Dec 11, 2016	3.69	3.69	3.63	3.64
Dec 10, 2016	3.69	3.70	3.64	3.68
Dec 09, 2016	3.69	3.71	3.68	3.69
Dec 08, 2016	3.60	3.73	3.60	3.69
Dec 07, 2016	3.54	3.63	3.51	3.62
Dec 06, 2016	3.49	3.56	3.49	3.54
Dec 05, 2016	3.88	3.92	3.33	3.53
Dec 04, 2016	3.93	3.95	3.90	3.90
Dec 03, 2016	3.95	3.95	3.91	3.92
Dec 02, 2016	3.92	3.96	3.92	3.95
Dec 01, 2016	3.91	3.92	3.89	3.91
Nov 30, 2016	3.89	3.92	3.88	3.89
Nov 29, 2016	3.89	3.90	3.87	3.87
Nov 28, 2016	3.90	3.91	3.88	3.88
Nov 27, 2016	3.91	3.92	3.88	3.88
Nov 26, 2016	3.92	3.93	3.88	3.89
Nov 25, 2016	3.91	3.92	3.89	3.92
Nov 24, 2016	3.93	3.95	3.89	3.91
Nov 23, 2016	3.97	3.97	3.92	3.93
Nov 22, 2016	3.95	3.97	3.91	3.95
Nov 21, 2016	3.93	3.96	3.92	3.94
Nov 20, 2016	3.97	3.97	3.90	3.92
Nov 19, 2016	3.98	3.98	3.94	3.95
Nov 18, 2016	3.96	4.00	3.94	3.96
Nov 17, 2016	4.06	4.07	3.94	3.94
Nov 16, 2016	3.90	4.03	3.90	4.02
Nov 15, 2016	3.89	3.96	3.86	3.89
Nov 14, 2016	3.88	3.89	3.86	3.88
Nov 13, 2016	3.77	3.91	3.69	3.88
Nov 12, 2016	3.81	3.83	3.75	3.76
Nov 11, 2016	3.84	3.84	3.80	3.82
Nov 10, 2016	3.86	3.87	3.81	3.82
Nov 09, 2016	3.85	3.94	3.81	3.86
Nov 08, 2016	3.84	3.86	3.82	3.84
Nov 07, 2016	3.89	3.89	3.79	3.84
Nov 06, 2016	3.86	3.92	3.84	3.89
Nov 05, 2016	3.88	3.93	3.85	3.87
Nov 04, 2016	3.86	3.89	3.82	3.88
Nov 03, 2016	4.11	4.18	3.81	3.86
Nov 02, 2016	4.09	4.13	4.05	4.10
Nov 01, 2016	4.00	4.15	3.99	4.09
Oct 31, 2016	4.04	4.05	3.98	3.99
Oct 30, 2016	4.10	4.10	4.02	4.03
Oct 29, 2016	3.98	4.10	3.97	4.09
Oct 28, 2016	4.04	4.04	3.95	3.97
Oct 27, 2016	3.96	4.06	3.96	4.02
Oct 26, 2016	3.91	3.97	3.90	3.96
Oct 25, 2016	3.87	3.92	3.87	3.90
Oct 24, 2016	3.92	3.92	3.87	3.87
Oct 23, 2016	3.89	3.94	3.89	3.92
Oct 22, 2016	3.81	3.91	3.80	3.89
Oct 21, 2016	3.79	3.83	3.76	3.81
Oct 20, 2016	3.81	3.82	3.77	3.78
Oct 19, 2016	3.85	3.86	3.78	3.80
Oct 18, 2016	3.95	4.23	3.83	3.84
Oct 17, 2016	3.89	3.92	3.86	3.91
Oct 16, 2016	3.88	3.91	3.88	3.89
Oct 15, 2016	3.90	3.91	3.87	3.87
Oct 14, 2016	3.91	3.92	3.89	3.90
Oct 13, 2016	3.75	3.92	3.75	3.91
Oct 12, 2016	3.82	3.83	3.76	3.76
Oct 11, 2016	3.80	3.84	3.79	3.82
Oct 10, 2016	3.82	3.83	3.78	3.80
Oct 09, 2016	3.84	3.85	3.81	3.82
Oct 08, 2016	3.86	3.87	3.84	3.84
Oct 07, 2016	3.84	3.86	3.83	3.86
Oct 06, 2016	3.85	3.86	3.83	3.85
Oct 05, 2016	3.83	3.85	3.83	3.84
Oct 04, 2016	3.84	3.84	3.82	3.82
Oct 03, 2016	3.85	3.85	3.83	3.84
Oct 02, 2016	3.85	3.88	3.82	3.84
Oct 01, 2016	3.85	3.86	3.84	3.85
Sep 30, 2016	3.84	3.85	3.82	3.84
Sep 29, 2016	3.84	3.86	3.83	3.85
Sep 28, 2016	3.85	3.87	3.83	3.84
Sep 27, 2016	3.86	3.87	3.84	3.85
Sep 26, 2016	3.80	3.87	3.80	3.86
Sep 25, 2016	3.80	3.81	3.78	3.81
Sep 24, 2016	3.81	3.84	3.80	3.81
Sep 23, 2016	3.77	3.82	3.76	3.81
Sep 22, 2016	3.86	3.86	3.77	3.77
Sep 21, 2016	3.87	3.87	3.76	3.84
Sep 20, 2016	3.83	3.86	3.82	3.84
Sep 19, 2016	4.04	4.20	3.82	3.83
Sep 18, 2016	3.81	4.09	3.81	4.04
Sep 17, 2016	3.80	3.82	3.80	3.81
Sep 16, 2016	3.82	3.83	3.80	3.81
Sep 15, 2016	3.83	3.84	3.80	3.81
Sep 14, 2016	3.82	3.85	3.82	3.83
Sep 13, 2016	3.83	3.85	3.81	3.82
Sep 12, 2016	3.87	3.87	3.79	3.82
Sep 11, 2016	3.97	3.99	3.85	3.86
Sep 10, 2016	3.97	3.98	3.96	3.97
Sep 09, 2016	3.98	3.99	3.96	3.97
Sep 08, 2016	3.97	4.01	3.96	3.99
Sep 07, 2016	3.99	4.13	3.95	3.97
Sep 06, 2016	3.98	3.99	3.95	3.97
Sep 05, 2016	4.02	4.03	3.97	3.98
Sep 04, 2016	3.89	4.04	3.88	4.01
Sep 03, 2016	3.83	3.91	3.81	3.89
Sep 02, 2016	3.84	3.84	3.81	3.82
Sep 01, 2016	3.80	3.85	3.79	3.83
Aug 31, 2016	3.81	3.81	3.78	3.80
Aug 30, 2016	3.77	3.82	3.75	3.80
Aug 29, 2016	3.74	3.79	3.74	3.76
Aug 28, 2016	3.74	3.76	3.73	3.74
Aug 27, 2016	3.82	3.83	3.73	3.74
Aug 26, 2016	3.80	3.85	3.79	3.83
Aug 25, 2016	3.86	3.87	3.78	3.80
Aug 24, 2016	3.93	3.95	3.84	3.86
Aug 23, 2016	3.66	4.01	3.66	3.93
Aug 22, 2016	3.62	3.66	3.60	3.66
Aug 21, 2016	3.62	3.63	3.60	3.62
Aug 20, 2016	3.61	3.63	3.60	3.62
Aug 19, 2016	3.61	3.62	3.60	3.60
Aug 18, 2016	3.60	3.64	3.60	3.61
Aug 17, 2016	3.65	3.65	3.59	3.60
Aug 16, 2016	3.59	3.65	3.58	3.64
Aug 15, 2016	3.65	3.68	3.57	3.58
Aug 14, 2016	3.72	3.72	3.61	3.65
Aug 13, 2016	3.71	3.75	3.68	3.71
Aug 12, 2016	3.74	3.75	3.69	3.71
Aug 11, 2016	3.72	3.75	3.64	3.74
Aug 10, 2016	3.76	3.81	3.72	3.72
Aug 09, 2016	3.78	3.78	3.74	3.76
Aug 08, 2016	3.77	3.80	3.75	3.79
Aug 07, 2016	3.76	3.81	3.75	3.78
Aug 06, 2016	3.72	3.77	3.70	3.76
Aug 05, 2016	3.74	3.74	3.70	3.73
Aug 04, 2016	3.71	3.75	3.71	3.75
Aug 03, 2016	3.64	3.74	3.59	3.72
Aug 02, 2016	3.87	3.89	3.52	3.64
Aug 01, 2016	4.06	4.06	3.86	3.86
Jul 31, 2016	4.08	4.08	3.97	4.01
Jul 30, 2016	4.08	4.09	4.06	4.06
Jul 29, 2016	3.97	4.10	3.96	4.08
Jul 28, 2016	3.97	3.99	3.96	3.97
Jul 27, 2016	3.96	3.99	3.93	3.96
Jul 26, 2016	4.04	4.05	3.93	3.97
Jul 25, 2016	4.07	4.08	4.03	4.03
Jul 24, 2016	4.06	4.08	4.04	4.07
Jul 23, 2016	4.04	4.06	4.03	4.06
Jul 22, 2016	4.13	4.14	4.03	4.04
Jul 21, 2016	4.13	4.14	4.11	4.12
Jul 20, 2016	4.15	4.16	4.11	4.13
Jul 19, 2016	4.15	4.17	4.14	4.15
Jul 18, 2016	4.20	4.20	4.14	4.15
Jul 17, 2016	4.14	4.21	4.13	4.19
Jul 16, 2016	4.15	4.16	4.11	4.13
Jul 15, 2016	4.15	4.18	4.15	4.16
Jul 14, 2016	4.14	4.18	4.12	4.15
Jul 13, 2016	4.16	4.18	4.13	4.14
Jul 12, 2016	4.09	4.21	4.09	4.15
Jul 11, 2016	4.12	4.19	4.06	4.09
Jul 10, 2016	4.12	4.15	4.06	4.10
Jul 09, 2016	4.24	4.24	3.97	4.16
Jul 08, 2016	4.12	4.23	4.08	4.22
Jul 07, 2016	4.50	4.53	3.95	4.11
Jul 06, 2016	4.46	4.51	4.42	4.47
Jul 05, 2016	4.56	4.56	4.36	4.45
Jul 04, 2016	4.27	4.54	4.21	4.54
Jul 03, 2016	4.66	4.66	4.19	4.25
Jul 02, 2016	4.28	4.61	4.24	4.59
Jul 01, 2016	4.19	4.33	4.18	4.26
Jun 30, 2016	4.08	4.21	4.04	4.19
Jun 29, 2016	4.10	4.10	4.03	4.06
Jun 28, 2016	4.14	4.18	4.07	4.10
Jun 27, 2016	4.05	4.16	4.03	4.12
Jun 26, 2016	4.24	4.24	3.97	4.07
Jun 25, 2016	4.27	4.44	3.92	4.23
Jun 24, 2016	3.85	4.33	3.85	4.28
Jun 23, 2016	3.92	3.95	3.47	3.85
Jun 22, 2016	4.83	4.92	3.88	3.91
Jun 21, 2016	5.27	5.29	4.70	4.82
Jun 20, 2016	5.63	5.63	5.27	5.29
Jun 19, 2016	5.56	5.63	5.51	5.59
Jun 18, 2016	5.60	5.69	5.49	5.56
Jun 17, 2016	5.67	5.95	5.28	5.59
Jun 16, 2016	5.25	5.66	5.25	5.66
Jun 15, 2016	5.22	5.24	5.11	5.24
Jun 14, 2016	5.31	5.31	5.10	5.20
Jun 13, 2016	5.41	5.54	5.16	5.29
Jun 12, 2016	5.07	5.46	5.05	5.33
Jun 11, 2016	4.88	5.01	4.84	5.01
Jun 10, 2016	4.75	4.85	4.71	4.84
Jun 09, 2016	4.78	4.78	4.67	4.69
Jun 08, 2016	4.77	4.79	4.69	4.75
Jun 07, 2016	4.95	4.98	4.72	4.77
Jun 06, 2016	4.81	4.97	4.81	4.96
Jun 05, 2016	4.80	4.84	4.79	4.81
Jun 04, 2016	4.86	4.90	4.77	4.81
Jun 03, 2016	4.72	4.87	4.71	4.86
Jun 02, 2016	4.74	4.76	4.68	4.72
Jun 01, 2016	4.65	4.77	4.62	4.74
May 31, 2016	4.69	4.75	4.60	4.65
May 30, 2016	4.63	4.70	4.59	4.67
May 29, 2016	4.69	4.86	4.58	4.61
May 28, 2016	4.51	4.83	4.51	4.70
May 27, 2016	4.09	4.68	4.09	4.50
May 26, 2016	4.05	4.10	4.03	4.08
May 25, 2016	3.95	4.05	3.95	4.05
May 24, 2016	3.96	3.98	3.94	3.95
May 23, 2016	3.92	3.97	3.90	3.97
May 22, 2016	3.96	3.99	3.90	3.93
May 21, 2016	3.88	3.97	3.88	3.95
May 20, 2016	3.82	3.92	3.82	3.88
May 19, 2016	4.00	4.03	3.83	3.83
May 18, 2016	3.98	4.04	3.98	4.00
May 17, 2016	4.00	4.03	3.97	3.98
May 16, 2016	4.06	4.16	3.98	4.01
May 15, 2016	4.01	4.10	3.97	4.06
May 14, 2016	3.93	4.05	3.92	4.01
May 13, 2016	3.86	3.96	3.83	3.93
May 12, 2016	3.88	3.90	3.80	3.86
May 11, 2016	3.82	3.91	3.81	3.88
May 10, 2016	4.06	4.12	3.80	3.82
May 09, 2016	3.94	4.08	3.90	4.06
May 08, 2016	3.94	3.94	3.89	3.94
May 07, 2016	3.82	4.00	3.82	3.95
May 06, 2016	3.72	3.82	3.71	3.82
May 05, 2016	3.74	3.76	3.71	3.71
May 04, 2016	3.74	3.78	3.73	3.75
May 03, 2016	3.68	3.76	3.66	3.74
May 02, 2016	3.71	3.78	3.64	3.68
May 01, 2016	3.66	3.72	3.64	3.71
Apr 30, 2016	3.81	3.82	3.64	3.66
Apr 29, 2016	3.79	3.85	3.72	3.81
Apr 28, 2016	3.88	3.88	3.69	3.79
Apr 27, 2016	4.05	4.23	3.87	3.89
Apr 26, 2016	3.80	4.11	3.79	4.05
Apr 25, 2016	3.62	3.87	3.55	3.81
Apr 24, 2016	3.35	3.65	3.35	3.63
Apr 23, 2016	3.32	3.34	3.31	3.33
Apr 22, 2016	3.35	3.35	3.31	3.32
Apr 21, 2016	3.28	3.35	3.27	3.35
Apr 20, 2016	3.29	3.29	3.27	3.28
Apr 19, 2016	3.25	3.29	3.24	3.29
Apr 18, 2016	3.26	3.27	3.24	3.24
Apr 17, 2016	3.28	3.28	3.25	3.26
Apr 16, 2016	3.28	3.29	3.27	3.27
Apr 15, 2016	3.24	3.28	3.24	3.28
Apr 14, 2016	3.25	3.26	3.23	3.24
Apr 13, 2016	3.26	3.27	3.24	3.24
Apr 12, 2016	3.24	3.28	3.23	3.26
Apr 11, 2016	3.23	3.24	3.21	3.24
Apr 10, 2016	3.22	3.25	3.21	3.23
Apr 09, 2016	3.22	3.23	3.20	3.22
Apr 08, 2016	3.24	3.25	3.21	3.22
Apr 07, 2016	3.26	3.26	3.23	3.25
Apr 06, 2016	3.26	3.26	3.24	3.26
Apr 05, 2016	3.25	3.27	3.24	3.25
Apr 04, 2016	3.26	3.27	3.22	3.25
Apr 03, 2016	3.26	3.27	3.25	3.26
Apr 02, 2016	3.25	3.28	3.24	3.26
Apr 01, 2016	3.25	3.26	3.23	3.24
Mar 31, 2016	3.23	3.27	3.22	3.26
Mar 30, 2016	3.23	3.28	3.20	3.22
Mar 29, 2016	3.26	3.28	3.20	3.23
Mar 28, 2016	3.30	3.30	3.26	3.26
Mar 27, 2016	3.23	3.32	3.23	3.30
Mar 26, 2016	3.23	3.24	3.21	3.23
Mar 25, 2016	3.23	3.24	3.21	3.23
Mar 24, 2016	3.25	3.25	3.22	3.22
Mar 23, 2016	3.23	3.25	3.22	3.24
Mar 22, 2016	3.20	3.24	3.20	3.23
Mar 21, 2016	3.21	3.21	3.19	3.20
Mar 20, 2016	3.18	3.21	3.18	3.21
Mar 19, 2016	3.17	3.19	3.16	3.18
Mar 18, 2016	3.31	3.31	3.15	3.17
Mar 17, 2016	3.31	3.32	3.30	3.31
Mar 16, 2016	3.31	3.32	3.30	3.31
Mar 15, 2016	3.30	3.33	3.29	3.31
Mar 14, 2016	3.31	3.33	3.29	3.30
Mar 13, 2016	3.29	3.32	3.28	3.31
Mar 12, 2016	3.39	3.39	3.27	3.29
Mar 11, 2016	3.29	3.40	3.29	3.38
Mar 10, 2016	3.28	3.29	3.25	3.29
Mar 09, 2016	3.25	3.30	3.24	3.28
Mar 08, 2016	3.27	3.28	3.23	3.25
Mar 07, 2016	3.22	3.27	3.20	3.27
Mar 06, 2016	3.19	3.25	3.17	3.22
Mar 05, 2016	3.25	3.25	3.13	3.19
Mar 04, 2016	3.32	3.35	3.25	3.25
Mar 03, 2016	3.36	3.36	3.31	3.32
Mar 02, 2016	3.43	3.44	3.37	3.37
Mar 01, 2016	3.45	3.45	3.41	3.43
Feb 29, 2016	3.44	3.49	3.42	3.45
Feb 28, 2016	3.41	3.47	3.36	3.44
Feb 27, 2016	3.43	3.45	3.39	3.41
Feb 26, 2016	3.37	3.42	3.32	3.42
Feb 25, 2016	3.39	3.40	3.33	3.37
Feb 24, 2016	3.40	3.42	3.32	3.37
Feb 23, 2016	3.49	3.52	3.38	3.40
Feb 22, 2016	3.47	3.51	3.43	3.48
Feb 21, 2016	3.46	3.58	3.40	3.46
Feb 20, 2016	3.27	3.50	3.26	3.46
Feb 19, 2016	3.26	3.27	3.23	3.25
Feb 18, 2016	3.25	3.27	3.23	3.25
Feb 17, 2016	3.23	3.26	3.20	3.24
Feb 16, 2016	3.20	3.22	3.18	3.21
Feb 15, 2016	3.23	3.25	3.17	3.18
Feb 14, 2016	3.15	3.21	3.15	3.21
Feb 13, 2016	3.12	3.14	3.11	3.13
Feb 12, 2016	3.09	3.12	3.08	3.11
Feb 11, 2016	3.11	3.13	3.07	3.08
Feb 10, 2016	3.09	3.13	3.08	3.10
Feb 09, 2016	3.08	3.08	3.05	3.08
Feb 08, 2016	3.09	3.11	3.06	3.06
Feb 07, 2016	3.11	3.13	3.08	3.09
Feb 06, 2016	3.15	3.15	3.08	3.10
Feb 05, 2016	3.17	3.17	3.14	3.14
Feb 04, 2016	3.06	3.18	3.06	3.16
Feb 03, 2016	3.09	3.09	3.04	3.05
Feb 02, 2016	3.09	3.10	3.07	3.08
Feb 01, 2016	3.07	3.10	3.06	3.08
Jan 31, 2016	3.10	3.11	3.04	3.05
Jan 30, 2016	3.12	3.12	3.08	3.08
Jan 29, 2016	3.14	3.14	3.06	3.11
Jan 28, 2016	3.29	3.30	3.11	3.12
Jan 27, 2016	3.16	3.32	3.16	3.29
Jan 26, 2016	3.13	3.17	3.12	3.15
Jan 25, 2016	3.19	3.19	3.11	3.13
Jan 24, 2016	3.11	3.21	3.10	3.18
Jan 23, 2016	3.08	3.15	3.08	3.10
Jan 22, 2016	3.23	3.24	3.05	3.08
Jan 21, 2016	3.38	3.40	3.21	3.22
Jan 20, 2016	3.01	3.43	2.99	3.39
Jan 19, 2016	3.05	3.06	2.99	3.02
Jan 18, 2016	3.02	3.06	2.98	3.05
Jan 17, 2016	3.09	3.10	3.02	3.03
Jan 16, 2016	2.97	3.11	2.92	3.09
Jan 15, 2016	3.46	3.46	3.00	3.00
Jan 14, 2016	3.47	3.48	3.45	3.47
Jan 13, 2016	3.49	3.49	3.43	3.48
Jan 12, 2016	3.55	3.56	3.49	3.49
Jan 11, 2016	3.53	3.57	3.53	3.56
Jan 10, 2016	3.56	3.56	3.50	3.54
Jan 09, 2016	3.57	3.59	3.54	3.56
Jan 08, 2016	3.60	3.64	3.53	3.57
Jan 07, 2016	3.45	3.61	3.44	3.60
Jan 06, 2016	3.47	3.47	3.44	3.45
Jan 05, 2016	3.49	3.51	3.45	3.47
Jan 04, 2016	3.48	3.51	3.48	3.50
Jan 03, 2016	3.50	3.51	3.45	3.48
Jan 02, 2016	3.52	3.53	3.49	3.50
Jan 01, 2016	3.48	3.53	3.47	3.51
Dec 31, 2015	3.46	3.50	3.41	3.48
Dec 30, 2015	3.51	3.51	3.45	3.46
Dec 29, 2015	3.47	3.52	3.44	3.50
Dec 28, 2015	3.48	3.53	3.46	3.47
Dec 27, 2015	3.42	3.49	3.39	3.48
Dec 26, 2015	3.64	3.64	3.38	3.42
Dec 25, 2015	3.65	3.68	3.60	3.62
Dec 24, 2015	3.59	3.68	3.59	3.64
Dec 23, 2015	3.43	3.59	3.43	3.58
Dec 22, 2015	3.46	3.48	3.40	3.42
Dec 21, 2015	3.55	3.55	3.43	3.46
Dec 20, 2015	3.74	3.75	3.48	3.54
Dec 19, 2015	3.77	3.78	3.71	3.72
Dec 18, 2015	3.75	3.81	3.73	3.76
Dec 17, 2015	3.70	3.79	3.68	3.74
Dec 16, 2015	3.84	3.84	3.68	3.70
Dec 15, 2015	3.62	3.84	3.61	3.83
Dec 14, 2015	3.64	3.67	3.60	3.61
Dec 13, 2015	3.60	3.66	3.57	3.63
Dec 12, 2015	3.84	3.97	3.50	3.61
Dec 11, 2015	3.67	3.85	3.67	3.84
Dec 10, 2015	3.67	3.68	3.59	3.66
Dec 09, 2015	3.68	3.74	3.61	3.67
Dec 08, 2015	3.65	3.69	3.55	3.69
Dec 07, 2015	3.45	3.69	3.45	3.65
Dec 06, 2015	3.53	3.58	3.45	3.47
Dec 05, 2015	3.37	3.54	3.37	3.52
Dec 04, 2015	3.38	3.39	3.34	3.36
Dec 03, 2015	3.35	3.44	3.34	3.38
Dec 02, 2015	3.43	3.44	3.30	3.34
Dec 01, 2015	3.63	3.64	3.40	3.43
Nov 30, 2015	3.66	3.74	3.58	3.62
Nov 29, 2015	3.53	3.68	3.50	3.67
Nov 28, 2015	3.58	3.58	3.46	3.52
Nov 27, 2015	3.60	3.63	3.52	3.58
Nov 26, 2015	3.35	3.72	3.35	3.61
Nov 25, 2015	3.11	3.34	3.09	3.34
Nov 24, 2015	3.13	3.13	3.09	3.11
Nov 23, 2015	3.14	3.15	3.11	3.12
Nov 22, 2015	3.16	3.16	3.11	3.14
Nov 21, 2015	3.12	3.16	3.11	3.15
Nov 20, 2015	3.14	3.14	3.07	3.12
Nov 19, 2015	3.19	3.21	3.13	3.13
Nov 18, 2015	3.20	3.21	3.17	3.19
Nov 17, 2015	3.19	3.23	3.16	3.20
Nov 16, 2015	3.07	3.19	3.05	3.19
Nov 15, 2015	3.20	3.22	3.06	3.07
Nov 14, 2015	3.22	3.25	3.18	3.19
Nov 13, 2015	3.27	3.29	3.15	3.23
Nov 12, 2015	2.97	3.29	2.97	3.28
Nov 11, 2015	3.12	3.12	2.94	2.97
Nov 10, 2015	3.40	3.46	3.04	3.12
Nov 09, 2015	3.43	3.45	3.26	3.40
Nov 08, 2015	3.62	3.66	3.41	3.42
Nov 07, 2015	3.55	3.68	3.55	3.60
Nov 06, 2015	3.95	3.97	3.45	3.55
Nov 05, 2015	4.20	4.41	3.77	3.96
Nov 04, 2015	4.58	5.32	4.05	4.23
Nov 03, 2015	4.17	4.80	4.10	4.59
Nov 02, 2015	3.98	4.20	3.94	4.16
Nov 01, 2015	3.82	3.99	3.77	3.96
Oct 31, 2015	4.08	4.12	3.77	3.80
Oct 30, 2015	3.77	4.20	3.74	4.06
Oct 29, 2015	3.10	3.93	3.06	3.78
Oct 28, 2015	3.10	3.11	3.09	3.10
Oct 27, 2015	3.11	3.11	3.08	3.09
Oct 26, 2015	3.07	3.11	3.07	3.10
Oct 25, 2015	3.11	3.14	3.07	3.07
Oct 24, 2015	3.11	3.12	3.08	3.10
Oct 23, 2015	3.12	3.13	3.09	3.11
Oct 22, 2015	3.08	3.14	3.07	3.11
Oct 21, 2015	3.09	3.12	3.06	3.08
Oct 20, 2015	3.05	3.09	3.05	3.09
Oct 19, 2015	3.03	3.05	3.01	3.05
Oct 18, 2015	3.07	3.08	3.00	3.02
Oct 17, 2015	3.11	3.16	3.04	3.07
Oct 16, 2015	3.11	3.14	3.09	3.11
Oct 15, 2015	3.15	3.16	3.10	3.10
Oct 14, 2015	3.18	3.20	3.10	3.14
Oct 13, 2015	3.14	3.19	3.11	3.18
Oct 12, 2015	3.15	3.17	3.13	3.14
Oct 11, 2015	3.11	3.15	3.08	3.15
Oct 10, 2015	3.11	3.14	3.09	3.11
Oct 09, 2015	3.07	3.11	3.06	3.11
Oct 08, 2015	3.06	3.08	3.05	3.06
Oct 07, 2015	3.15	3.16	3.06	3.06
Oct 06, 2015	3.02	3.16	3.01	3.15
Oct 05, 2015	3.02	3.03	2.99	3.02
Oct 04, 2015	3.03	3.06	3.00	3.01
Oct 03, 2015	3.00	3.04	2.99	3.03
Oct 02, 2015	3.00	3.02	2.98	2.99
Oct 01, 2015	3.01	3.05	2.96	3.00
Sep 30, 2015	2.97	3.05	2.97	3.01
Sep 29, 2015	3.10	3.17	2.97	2.97
Sep 28, 2015	2.88	3.08	2.88	3.07
Sep 27, 2015	2.89	2.90	2.87	2.87
Sep 26, 2015	2.89	2.90	2.87	2.89
Sep 25, 2015	2.93	2.95	2.89	2.89
Sep 24, 2015	2.87	2.95	2.87	2.93
Sep 23, 2015	2.86	2.90	2.85	2.87
Sep 22, 2015	2.80	2.88	2.80	2.84
Sep 21, 2015	2.85	2.85	2.80	2.80
Sep 20, 2015	2.88	2.88	2.83	2.85
Sep 19, 2015	2.95	2.96	2.86	2.87
Sep 18, 2015	2.91	3.01	2.90	2.96
Sep 17, 2015	2.81	2.93	2.80	2.91
Sep 16, 2015	2.83	2.85	2.77	2.80
Sep 15, 2015	2.84	2.93	2.82	2.82
Sep 14, 2015	2.81	2.86	2.78	2.84
Sep 13, 2015	2.82	2.85	2.77	2.82
Sep 12, 2015	2.96	2.97	2.82	2.83
Sep 11, 2015	2.95	2.98	2.94	2.96
Sep 10, 2015	2.92	2.97	2.89	2.95
Sep 09, 2015	3.05	3.05	2.91	2.92
Sep 08, 2015	3.05	3.13	3.01	3.05
Sep 07, 2015	3.04	3.10	2.99	3.05
Sep 06, 2015	2.92	3.12	2.90	3.05
Sep 05, 2015	2.70	2.94	2.66	2.92
Sep 04, 2015	2.64	2.72	2.63	2.70
Sep 03, 2015	2.80	2.80	2.58	2.63
Sep 02, 2015	2.82	2.83	2.76	2.80
Sep 01, 2015	2.85	2.88	2.81	2.82
Aug 31, 2015	2.85	2.86	2.79	2.84
Aug 30, 2015	2.87	2.91	2.76	2.85
Aug 29, 2015	2.92	2.95	2.82	2.88
Aug 28, 2015	2.84	2.96	2.71	2.91
Aug 27, 2015	2.95	2.99	2.84	2.87
Aug 26, 2015	2.95	3.04	2.84	2.95
Aug 25, 2015	2.98	3.05	2.54	2.94
Aug 24, 2015	3.39	3.39	2.97	2.99
Aug 23, 2015	3.51	3.54	3.35	3.39
Aug 22, 2015	3.56	3.59	3.46	3.51
Aug 21, 2015	3.60	3.64	3.55	3.57
Aug 20, 2015	3.47	3.62	3.47	3.61
Aug 19, 2015	3.48	3.62	3.36	3.48
Aug 18, 2015	3.98	4.00	3.44	3.47
Aug 17, 2015	3.96	4.03	3.94	3.98
Aug 16, 2015	3.93	3.99	3.89	3.95
Aug 15, 2015	4.02	4.04	3.92	3.93
Aug 14, 2015	3.88	4.07	3.86	4.03
Aug 13, 2015	3.97	3.97	3.84	3.88
Aug 12, 2015	4.14	4.16	3.97	3.99
Aug 11, 2015	3.95	4.16	3.94	4.16
Aug 10, 2015	3.90	3.98	3.90	3.95
Aug 09, 2015	3.84	3.98	3.81	3.90
Aug 08, 2015	4.22	4.22	3.84	3.85
Aug 07, 2015	4.06	4.22	3.97	4.21
Aug 06, 2015	4.35	4.36	4.02	4.06
Aug 05, 2015	4.37	4.43	4.30	4.35
Aug 04, 2015	4.18	4.47	4.18	4.38
Aug 03, 2015	4.17	4.37	4.04	4.16
Aug 02, 2015	4.09	4.20	3.86	4.17
Aug 01, 2015	4.64	4.64	4.07	4.15
Jul 31, 2015	4.58	4.77	4.51	4.64
Jul 30, 2015	4.79	4.79	4.51	4.58
Jul 29, 2015	5.05	5.10	4.72	4.80
Jul 28, 2015	4.67	5.14	4.65	5.06
Jul 27, 2015	4.68	4.74	4.59	4.67
Jul 26, 2015	4.63	4.75	4.44	4.66
Jul 25, 2015	4.60	4.88	4.47	4.63
Jul 24, 2015	3.79	4.73	3.76	4.60
Jul 23, 2015	3.83	3.85	3.76	3.78
Jul 22, 2015	3.78	3.84	3.68	3.82
Jul 21, 2015	3.93	4.01	3.77	3.77
Jul 20, 2015	3.77	3.94	3.73	3.94
Jul 19, 2015	4.00	4.07	3.66	3.77
Jul 18, 2015	3.78	4.23	3.78	4.00
Jul 17, 2015	3.72	3.93	3.55	3.79
Jul 16, 2015	4.20	4.27	3.30	3.69
Jul 15, 2015	4.65	4.72	4.14	4.21
Jul 14, 2015	4.68	4.89	4.48	4.65
Jul 13, 2015	5.30	5.30	4.32	4.68
Jul 12, 2015	4.39	5.38	4.35	5.29
Jul 11, 2015	4.48	4.79	3.71	4.37
Jul 10, 2015	7.53	8.73	4.07	4.51
Jul 09, 2015	6.36	7.83	6.00	7.54
Jul 08, 2015	5.25	6.39	5.14	6.36
Jul 07, 2015	5.44	5.48	4.90	5.23
Jul 06, 2015	4.95	5.69	4.67	5.42
Jul 05, 2015	4.13	4.95	4.04	4.95
Jul 04, 2015	4.12	4.14	4.06	4.11
Jul 03, 2015	4.06	4.13	4.06	4.12
Jul 02, 2015	3.93	4.16	3.92	4.07
Jul 01, 2015	4.09	4.11	3.84	3.92
Jun 30, 2015	3.74	4.34	3.73	4.09
Jun 29, 2015	3.19	3.82	3.03	3.74
Jun 28, 2015	3.09	3.31	3.02	3.31
Jun 27, 2015	2.86	3.12	2.86	3.10
Jun 26, 2015	2.85	2.91	2.82	2.86
Jun 25, 2015	2.77	2.89	2.69	2.85
Jun 24, 2015	2.97	2.97	2.78	2.78
Jun 23, 2015	3.03	3.03	2.97	2.97
Jun 22, 2015	3.02	3.05	2.96	3.03
Jun 21, 2015	3.04	3.05	2.90	3.02
Jun 20, 2015	2.81	3.09	2.75	3.04
Jun 19, 2015	3.10	3.12	2.69	2.81
Jun 18, 2015	2.89	3.13	2.88	3.10
Jun 17, 2015	2.90	3.20	2.72	2.89
Jun 16, 2015	2.02	2.88	2.01	2.88
Jun 15, 2015	2.00	2.03	1.99	2.02
Jun 14, 2015	1.86	2.07	1.85	2.00
Jun 13, 2015	1.80	1.86	1.80	1.86
Jun 12, 2015	1.79	1.81	1.79	1.80
Jun 11, 2015	1.76	1.80	1.76	1.79
Jun 10, 2015	1.80	1.80	1.75	1.76
Jun 09, 2015	1.78	1.80	1.78	1.80
Jun 08, 2015	1.73	1.80	1.73	1.79
Jun 07, 2015	1.76	1.77	1.72	1.73
Jun 06, 2015	1.76	1.78	1.75	1.76
Jun 05, 2015	1.67	1.77	1.67	1.76
Jun 04, 2015	1.69	1.69	1.66	1.67
Jun 03, 2015	1.67	1.70	1.66	1.69
Jun 02, 2015	1.62	1.68	1.61	1.67
Jun 01, 2015	1.64	1.68	1.59	1.62
May 31, 2015	1.81	1.81	1.63	1.64
May 30, 2015	1.83	1.84	1.81	1.81
May 29, 2015	1.84	1.84	1.81	1.83
May 28, 2015	1.85	1.86	1.83	1.84
May 27, 2015	1.82	1.87	1.81	1.85
May 26, 2015	1.80	1.82	1.79	1.82
May 25, 2015	1.83	1.84	1.79	1.80
May 24, 2015	1.79	1.84	1.79	1.83
May 23, 2015	1.83	1.90	1.77	1.79
May 22, 2015	1.48	1.88	1.48	1.83
May 21, 2015	1.46	1.48	1.46	1.48
May 20, 2015	1.45	1.46	1.45	1.46
May 19, 2015	1.45	1.46	1.44	1.45
May 18, 2015	1.45	1.46	1.44	1.45
May 17, 2015	1.45	1.46	1.45	1.45
May 16, 2015	1.45	1.45	1.40	1.45
May 15, 2015	1.45	1.46	1.45	1.45
May 14, 2015	1.45	1.46	1.44	1.45
May 13, 2015	1.44	1.48	1.44	1.45
May 12, 2015	1.44	1.45	1.43	1.45
May 11, 2015	1.44	1.45	1.43	1.44
May 10, 2015	1.45	1.45	1.42	1.44
May 09, 2015	1.48	1.49	1.44	1.45
May 08, 2015	1.45	1.49	1.44	1.48
May 07, 2015	1.39	1.49	1.38	1.46
May 06, 2015	1.41	1.41	1.39	1.39
May 05, 2015	1.41	1.42	1.39	1.41
May 04, 2015	1.43	1.45	1.41	1.41
May 03, 2015	1.42	1.45	1.41	1.43
May 02, 2015	1.41	1.43	1.40	1.42
May 01, 2015	1.44	1.45	1.41	1.41
Apr 30, 2015	1.36	1.45	1.36	1.44
Apr 29, 2015	1.36	1.37	1.35	1.36
Apr 28, 2015	1.38	1.39	1.35	1.36
Apr 27, 2015	1.32	1.40	1.32	1.38
Apr 26, 2015	1.40	1.40	1.30	1.32
Apr 25, 2015	1.42	1.43	1.40	1.40
Apr 24, 2015	1.46	1.46	1.42	1.42
Apr 23, 2015	1.46	1.46	1.44	1.46
Apr 22, 2015	1.43	1.47	1.42	1.45
Apr 21, 2015	1.41	1.43	1.40	1.42
Apr 20, 2015	1.38	1.42	1.38	1.41
Apr 19, 2015	1.41	1.43	1.38	1.39
Apr 18, 2015	1.41	1.42	1.39	1.41
Apr 17, 2015	1.42	1.44	1.40	1.41
Apr 16, 2015	1.38	1.43	1.37	1.42
Apr 15, 2015	1.38	1.42	1.35	1.38
Apr 14, 2015	1.38	1.39	1.34	1.38
Apr 13, 2015	1.47	1.48	1.37	1.38
Apr 12, 2015	1.46	1.49	1.45	1.46
Apr 11, 2015	1.52	1.54	1.44	1.46
Apr 10, 2015	1.59	1.59	1.52	1.53
Apr 09, 2015	1.62	1.63	1.55	1.59
Apr 08, 2015	1.67	1.68	1.62	1.63
Apr 07, 2015	1.69	1.69	1.67	1.67
Apr 06, 2015	1.70	1.72	1.67	1.69
Apr 05, 2015	1.68	1.71	1.68	1.70
Apr 04, 2015	1.70	1.70	1.67	1.69
Apr 03, 2015	1.68	1.70	1.68	1.70
Apr 02, 2015	1.67	1.69	1.66	1.68
Apr 01, 2015	1.65	1.68	1.63	1.66
Mar 31, 2015	1.67	1.68	1.64	1.65
Mar 30, 2015	1.66	1.68	1.64	1.67
Mar 29, 2015	1.70	1.71	1.64	1.66
Mar 28, 2015	1.68	1.72	1.68	1.70
Mar 27, 2015	1.69	1.70	1.67	1.69
Mar 26, 2015	1.67	1.73	1.65	1.70
Mar 25, 2015	1.65	1.79	1.61	1.67
Mar 24, 2015	1.78	1.78	1.65	1.65
Mar 23, 2015	1.80	1.80	1.75	1.78
Mar 22, 2015	1.75	1.80	1.74	1.80
Mar 21, 2015	1.77	1.77	1.73	1.75
Mar 20, 2015	1.76	1.79	1.75	1.77
Mar 19, 2015	1.74	1.79	1.65	1.76
Mar 18, 2015	1.98	1.99	1.73	1.74
Mar 17, 2015	2.03	2.05	1.98	1.98
Mar 16, 2015	2.02	2.06	2.02	2.03
Mar 15, 2015	1.99	2.03	1.99	2.02
Mar 14, 2015	2.00	2.01	1.99	2.00
Mar 13, 2015	2.04	2.05	2.01	2.01
Mar 12, 2015	2.02	2.07	2.00	2.04
Mar 11, 2015	2.01	2.04	1.99	2.03
Mar 10, 2015	1.94	2.08	1.94	2.01
Mar 09, 2015	1.89	1.95	1.89	1.94
Mar 08, 2015	1.91	1.92	1.88	1.89
Mar 07, 2015	1.89	1.92	1.88	1.91
Mar 06, 2015	1.92	1.93	1.88	1.90
Mar 05, 2015	1.92	1.94	1.86	1.92
Mar 04, 2015	1.96	1.97	1.92	1.93
Mar 03, 2015	1.94	1.97	1.91	1.96
Mar 02, 2015	1.89	1.95	1.86	1.94
Mar 01, 2015	1.85	1.91	1.81	1.89
Feb 28, 2015	1.85	1.85	1.82	1.84
Feb 27, 2015	1.80	1.88	1.80	1.85
Feb 26, 2015	1.81	1.81	1.79	1.81
Feb 25, 2015	1.83	1.83	1.79	1.80
Feb 24, 2015	1.81	1.84	1.80	1.83
Feb 23, 2015	1.80	1.82	1.78	1.82
Feb 22, 2015	1.85	1.87	1.79	1.80
Feb 21, 2015	1.85	1.87	1.84	1.85
Feb 20, 2015	1.84	1.86	1.83	1.85
Feb 19, 2015	1.83	1.85	1.82	1.85
Feb 18, 2015	1.86	1.86	1.80	1.83
Feb 17, 2015	1.79	1.88	1.79	1.85
Feb 16, 2015	1.84	1.85	1.80	1.80
Feb 15, 2015	1.94	2.03	1.79	1.84
Feb 14, 2015	1.82	1.96	1.82	1.94
Feb 13, 2015	1.76	1.85	1.75	1.82
Feb 12, 2015	1.73	1.77	1.72	1.76
Feb 11, 2015	1.76	1.79	1.72	1.73
Feb 10, 2015	1.73	1.79	1.69	1.76
Feb 09, 2015	1.79	1.79	1.72	1.73
Feb 08, 2015	1.79	1.81	1.76	1.78
Feb 07, 2015	1.76	1.79	1.74	1.78
Feb 06, 2015	1.74	1.83	1.74	1.76
Feb 05, 2015	1.79	1.81	1.73	1.74
Feb 04, 2015	1.82	1.84	1.76	1.79
Feb 03, 2015	1.87	1.94	1.81	1.82
Feb 02, 2015	1.81	1.88	1.75	1.88
Feb 01, 2015	1.88	1.88	1.68	1.80
Jan 31, 2015	1.90	1.94	1.87	1.87
Jan 30, 2015	1.91	1.98	1.89	1.90
Jan 29, 2015	1.88	1.95	1.83	1.92
Jan 28, 2015	2.09	2.13	1.81	1.87
Jan 27, 2015	2.07	2.14	1.87	2.09
Jan 26, 2015	2.25	2.39	2.06	2.08
Jan 25, 2015	1.84	2.37	1.84	2.25
Jan 24, 2015	1.43	1.89	1.42	1.84
Jan 23, 2015	1.41	1.43	1.38	1.43
Jan 22, 2015	1.37	1.45	1.37	1.42
Jan 21, 2015	1.32	1.37	1.32	1.37
Jan 20, 2015	1.34	1.34	1.30	1.32
Jan 19, 2015	1.33	1.36	1.31	1.34
Jan 18, 2015	1.30	1.37	1.23	1.33
Jan 17, 2015	1.40	1.40	1.25	1.29
Jan 16, 2015	1.28	1.47	1.27	1.40
Jan 15, 2015	1.15	1.38	1.15	1.28
Jan 14, 2015	1.55	1.58	1.11	1.16
Jan 13, 2015	1.71	1.72	1.53	1.54
Jan 12, 2015	1.72	1.79	1.70	1.71
Jan 11, 2015	1.65	1.88	1.64	1.72
Jan 10, 2015	1.97	1.98	1.62	1.65
Jan 09, 2015	2.01	2.01	1.96	1.98
Jan 08, 2015	2.12	2.12	2.00	2.01
Jan 07, 2015	2.12	2.15	2.08	2.12
Jan 06, 2015	2.08	2.12	2.04	2.11
Jan 05, 2015	1.96	2.16	1.96	2.08
Jan 04, 2015	2.11	2.15	1.91	1.96
Jan 03, 2015	2.67	2.67	2.13	2.13
Jan 02, 2015	2.70	2.70	2.66	2.67
Jan 01, 2015	2.72	2.72	2.69	2.70
Dec 31, 2014	2.70	2.73	2.69	2.72
Dec 30, 2014	2.70	2.72	2.67	2.70
Dec 29, 2014	2.73	2.75	2.69	2.69
Dec 28, 2014	2.72	2.76	2.67	2.73
Dec 27, 2014	2.78	2.80	2.70	2.72
Dec 26, 2014	2.70	2.81	2.68	2.78
Dec 25, 2014	2.74	2.75	2.67	2.70
Dec 24, 2014	2.88	2.88	2.73	2.74
Dec 23, 2014	2.89	2.91	2.86	2.88
Dec 22, 2014	2.86	2.91	2.84	2.89
Dec 21, 2014	2.91	2.92	2.84	2.85
Dec 20, 2014	2.87	2.94	2.87	2.92
Dec 19, 2014	2.81	2.87	2.73	2.87
Dec 18, 2014	2.94	3.00	2.70	2.81
Dec 17, 2014	3.01	3.07	2.90	2.94
Dec 16, 2014	3.45	3.46	2.99	3.02
Dec 15, 2014	3.48	3.48	3.45	3.45
Dec 14, 2014	3.48	3.50	3.47	3.48
Dec 13, 2014	3.49	3.49	3.46	3.48
Dec 12, 2014	3.48	3.49	3.48	3.49
Dec 11, 2014	3.49	3.56	3.44	3.48
Dec 10, 2014	3.52	3.54	3.48	3.50
Dec 09, 2014	3.66	3.67	3.48	3.52
Dec 08, 2014	3.71	3.77	3.65	3.65
Dec 07, 2014	3.62	3.75	3.61	3.71
Dec 06, 2014	3.62	3.63	3.60	3.61
Dec 05, 2014	3.59	3.62	3.58	3.62
Dec 04, 2014	3.61	3.64	3.59	3.59
Dec 03, 2014	3.63	3.65	3.58	3.61
Dec 02, 2014	3.58	3.66	3.58	3.63
Dec 01, 2014	3.58	3.61	3.57	3.58
Nov 30, 2014	3.59	3.61	3.56	3.58
Nov 29, 2014	3.60	3.64	3.57	3.59
Nov 28, 2014	3.56	3.64	3.50	3.60
Nov 27, 2014	3.57	3.58	3.55	3.56
Nov 26, 2014	3.57	3.59	3.54	3.56
Nov 25, 2014	3.62	3.70	3.55	3.57
Nov 24, 2014	3.59	3.69	3.57	3.63
Nov 23, 2014	3.52	3.61	3.52	3.59
Nov 22, 2014	3.50	3.62	3.49	3.52
Nov 21, 2014	3.61	3.61	3.48	3.50
Nov 20, 2014	3.81	3.82	3.59	3.61
Nov 19, 2014	3.78	3.84	3.77	3.81
Nov 18, 2014	3.88	3.91	3.75	3.77
Nov 17, 2014	3.88	4.00	3.83	3.88
Nov 16, 2014	3.84	3.90	3.83	3.88
Nov 15, 2014	3.99	4.04	3.81	3.85
Nov 14, 2014	4.09	4.09	3.86	3.99
Nov 13, 2014	4.13	4.35	4.02	4.10
Nov 12, 2014	3.68	4.14	3.68	4.07
Nov 11, 2014	3.70	3.74	3.67	3.68
Nov 10, 2014	3.63	3.73	3.59	3.70
Nov 09, 2014	3.55	3.64	3.55	3.63
Nov 08, 2014	3.56	3.58	3.53	3.56
Nov 07, 2014	3.65	3.66	3.55	3.56
Nov 06, 2014	3.64	3.67	3.62	3.65
Nov 05, 2014	3.59	3.67	3.59	3.64
Nov 04, 2014	3.58	3.62	3.55	3.59
Nov 03, 2014	3.59	3.66	3.56	3.58
Nov 02, 2014	3.58	3.62	3.55	3.59
Nov 01, 2014	3.76	3.76	3.56	3.57
Oct 31, 2014	3.78	3.80	3.75	3.75
Oct 30, 2014	3.73	3.82	3.72	3.79
Oct 29, 2014	3.85	3.85	3.72	3.73
Oct 28, 2014	3.81	3.90	3.79	3.85
Oct 27, 2014	3.72	3.89	3.71	3.81
Oct 26, 2014	3.67	3.77	3.66	3.73
Oct 25, 2014	3.75	3.76	3.63	3.67
Oct 24, 2014	3.74	3.78	3.72	3.75
Oct 23, 2014	3.85	3.87	3.73	3.74
Oct 22, 2014	3.94	3.96	3.84	3.84
Oct 21, 2014	3.91	3.97	3.90	3.94
Oct 20, 2014	3.98	3.98	3.88	3.91
Oct 19, 2014	4.06	4.06	3.97	3.99
Oct 18, 2014	3.99	4.09	3.95	4.06
Oct 17, 2014	3.99	4.02	3.95	3.99
Oct 16, 2014	4.06	4.10	3.96	3.99
Oct 15, 2014	4.08	4.08	3.99	4.06
Oct 14, 2014	3.86	4.23	3.86	4.08
Oct 13, 2014	3.85	3.90	3.79	3.86
Oct 12, 2014	3.78	3.85	3.70	3.85
Oct 11, 2014	3.80	3.84	3.68	3.77
Oct 10, 2014	3.90	3.92	3.77	3.81
Oct 09, 2014	3.91	4.03	3.87	3.90
Oct 08, 2014	3.86	3.93	3.75	3.91
Oct 07, 2014	3.81	3.95	3.69	3.86
Oct 06, 2014	3.70	3.91	3.57	3.82
Oct 05, 2014	3.94	4.04	3.48	3.70
Oct 04, 2014	4.17	4.28	3.89	3.94
Oct 03, 2014	4.32	4.34	4.16	4.18
Oct 02, 2014	4.43	4.46	4.29	4.32
Oct 01, 2014	4.47	4.50	4.38	4.43
Sep 30, 2014	4.25	4.55	4.23	4.47
Sep 29, 2014	4.24	4.33	4.20	4.25
Sep 28, 2014	4.42	4.46	4.20	4.23
Sep 27, 2014	4.43	4.49	4.40	4.42
Sep 26, 2014	4.51	4.55	4.39	4.43
Sep 25, 2014	4.67	4.67	4.45	4.51
Sep 24, 2014	4.74	4.75	4.63	4.67
Sep 23, 2014	4.24	4.88	4.19	4.75
Sep 22, 2014	4.25	4.42	4.21	4.24
Sep 21, 2014	4.26	4.30	4.15	4.25
Sep 20, 2014	4.33	4.62	4.20	4.29
Sep 19, 2014	4.69	4.76	4.25	4.33
Sep 18, 2014	5.07	5.07	4.58	4.69
Sep 17, 2014	5.09	5.17	4.97	5.06
Sep 16, 2014	5.17	5.17	5.05	5.07
Sep 15, 2014	5.40	5.42	5.15	5.18
Sep 14, 2014	5.45	5.48	5.39	5.40
Sep 13, 2014	5.39	5.49	5.33	5.45
Sep 12, 2014	5.46	5.46	5.31	5.38
Sep 11, 2014	5.34	5.53	5.30	5.45
Sep 10, 2014	5.06	5.41	5.04	5.34
Sep 09, 2014	5.09	5.11	4.98	5.07
Sep 08, 2014	5.16	5.19	4.98	5.10
Sep 07, 2014	4.99	5.20	4.98	5.16
Sep 06, 2014	4.97	5.07	4.95	4.98
Sep 05, 2014	5.17	5.21	4.96	4.96
Sep 04, 2014	4.87	5.29	4.86	5.18
Sep 03, 2014	4.82	4.92	4.77	4.87
Sep 02, 2014	4.71	4.89	4.64	4.82
Sep 01, 2014	4.86	4.96	4.71	4.71
Aug 31, 2014	5.21	5.23	4.82	4.86
Aug 30, 2014	5.36	5.42	5.17	5.23
Aug 29, 2014	5.29	5.39	5.18	5.36
Aug 28, 2014	5.39	5.46	5.14	5.28
Aug 27, 2014	5.55	5.82	5.31	5.39
Aug 26, 2014	5.20	5.59	5.20	5.54
Aug 25, 2014	5.40	5.43	5.12	5.21
Aug 24, 2014	4.89	5.62	4.87	5.45
Aug 23, 2014	5.24	5.25	4.72	4.90
Aug 22, 2014	5.80	5.81	5.01	5.25
Aug 21, 2014	5.46	6.13	5.46	5.80
Aug 20, 2014	4.72	5.69	4.40	5.45
Aug 19, 2014	3.71	4.76	3.65	4.67
Aug 18, 2014	4.35	4.41	3.58	3.71
Aug 17, 2014	4.97	5.00	4.27	4.33
Aug 16, 2014	5.05	5.06	4.92	4.98
Aug 15, 2014	5.06	5.21	4.97	5.05
Aug 14, 2014	5.04	5.24	4.82	5.04
Aug 13, 2014	5.65	5.74	4.84	5.04
Aug 12, 2014	6.06	6.06	5.46	5.65
Aug 11, 2014	6.96	6.96	5.95	6.06
Aug 10, 2014	6.95	7.01	6.92	6.95
Aug 09, 2014	7.06	7.07	6.90	6.94
Aug 08, 2014	7.18	7.29	7.04	7.06
Aug 07, 2014	7.19	7.21	6.85	7.18
Aug 06, 2014	7.26	7.28	7.14	7.18
Aug 05, 2014	7.41	7.41	7.21	7.27
Aug 04, 2014	7.54	10.97	7.38	7.41
Aug 03, 2014	7.63	7.64	7.53	7.54
Aug 02, 2014	7.71	7.72	7.58	7.63
Aug 01, 2014	7.54	7.78	7.45	7.70
Jul 31, 2014	7.28	7.59	7.10	7.54
Jul 30, 2014	7.65	7.66	7.26	7.26
Jul 29, 2014	7.59	7.67	7.55	7.65
Jul 28, 2014	7.76	7.81	7.46	7.59
Jul 27, 2014	7.61	7.81	7.56	7.75
Jul 26, 2014	7.58	7.70	7.52	7.60
Jul 25, 2014	7.78	7.99	7.48	7.55
Jul 24, 2014	8.47	8.50	7.79	7.79
Jul 23, 2014	8.57	8.61	8.45	8.46
Jul 22, 2014	8.59	9.29	8.56	8.57
Jul 21, 2014	8.46	8.62	8.36	8.59
Jul 20, 2014	8.61	8.65	8.41	8.46
Jul 19, 2014	8.72	8.74	8.61	8.61
Jul 18, 2014	8.66	8.80	8.57	8.72
Jul 17, 2014	8.33	8.69	8.28	8.66
Jul 16, 2014	8.56	8.56	8.29	8.32
Jul 15, 2014	8.62	8.73	8.54	8.56
Jul 14, 2014	8.90	8.90	8.49	8.62
Jul 13, 2014	8.61	9.11	8.57	8.90
Jul 12, 2014	7.86	8.73	7.84	8.62
Jul 11, 2014	7.80	7.96	7.79	7.85
Jul 10, 2014	7.78	7.84	7.66	7.79
Jul 09, 2014	7.77	7.99	7.73	7.79
Jul 08, 2014	7.58	7.80	7.58	7.73
Jul 07, 2014	7.10	7.61	6.97	7.56
Jul 06, 2014	7.30	7.37	6.85	7.11
Jul 05, 2014	7.32	7.39	6.76	7.28
Jul 04, 2014	8.03	8.04	7.31	7.34
Jul 03, 2014	8.07	8.17	7.95	8.03
Jul 02, 2014	7.98	8.47	7.69	8.16
Jul 01, 2014	8.96	9.03	7.79	7.79
Jun 30, 2014	8.97	9.10	8.79	8.95
Jun 29, 2014	9.20	9.27	8.89	8.96
Jun 28, 2014	9.27	9.28	9.17	9.19
Jun 27, 2014	9.09	9.29	9.09	9.25
Jun 26, 2014	9.20	9.26	9.01	9.09
Jun 25, 2014	9.61	9.66	9.19	9.19
Jun 24, 2014	9.73	9.78	9.62	9.63
Jun 23, 2014	9.77	10.93	9.66	9.72
Jun 22, 2014	9.85	9.92	9.74	9.77
Jun 21, 2014	9.84	9.87	9.67	9.83
Jun 20, 2014	10.00	10.01	9.80	9.83
Jun 19, 2014	9.68	10.16	9.60	9.99
Jun 18, 2014	9.67	9.73	9.58	9.68
Jun 17, 2014	9.68	9.77	9.52	9.66
Jun 16, 2014	9.96	10.05	9.68	9.71
Jun 15, 2014	9.87	9.95	9.53	9.94
Jun 14, 2014	10.26	10.30	9.67	9.93
Jun 13, 2014	10.16	10.47	10.08	10.25
Jun 12, 2014	10.93	10.97	9.98	10.17
Jun 11, 2014	11.10	11.17	10.94	10.94
Jun 10, 2014	11.21	11.25	11.09	11.11
Jun 09, 2014	11.27	11.29	11.11	11.18
Jun 08, 2014	11.11	11.29	11.09	11.27
Jun 07, 2014	11.20	11.20	10.98	11.11
Jun 06, 2014	11.30	11.36	11.17	11.20
Jun 05, 2014	11.04	11.32	11.01	11.29
Jun 04, 2014	11.47	11.51	10.93	11.06
Jun 03, 2014	11.36	11.54	11.33	11.48
Jun 02, 2014	11.15	11.73	11.12	11.36
Jun 01, 2014	10.93	11.56	10.89	11.14
May 31, 2014	11.26	11.30	10.81	10.93
May 30, 2014	10.78	11.37	10.69	11.25
May 29, 2014	11.01	11.05	10.78	10.78
May 28, 2014	11.16	11.21	10.91	11.03
May 27, 2014	11.55	11.61	11.07	11.15
May 26, 2014	11.58	11.75	11.46	11.56
May 25, 2014	11.12	11.80	11.12	11.53
May 24, 2014	11.21	11.21	10.99	11.10
May 23, 2014	10.65	11.79	10.65	11.23
May 22, 2014	10.58	10.77	10.48	10.67
May 21, 2014	10.60	10.74	10.53	10.59
May 20, 2014	10.30	10.79	10.29	10.63
May 19, 2014	10.34	10.38	10.27	10.30
May 18, 2014	10.35	10.45	10.28	10.36
May 17, 2014	10.44	10.46	10.34	10.35
May 16, 2014	10.48	10.50	10.39	10.41
May 15, 2014	10.43	10.59	10.41	10.45
May 14, 2014	10.41	10.49	10.39	10.43
May 13, 2014	10.42	10.46	10.36	10.42
May 12, 2014	10.34	10.47	10.31	10.41
May 11, 2014	10.72	10.76	10.30	10.36
May 10, 2014	10.76	10.87	10.66	10.73
May 09, 2014	10.42	10.84	10.42	10.75
May 08, 2014	10.51	10.78	10.44	10.45
May 07, 2014	10.34	11.01	10.24	10.51
May 06, 2014	10.21	10.55	9.84	10.33
May 05, 2014	10.31	10.38	10.15	10.18
May 04, 2014	10.30	10.37	10.20	10.32
May 03, 2014	10.52	10.55	10.10	10.31
May 02, 2014	11.13	11.13	10.43	10.50
May 01, 2014	10.93	11.38	10.90	11.10
Apr 30, 2014	10.40	11.12	10.31	10.90
Apr 29, 2014	10.12	10.47	9.98	10.40
Apr 28, 2014	9.79	10.33	9.71	10.13
Apr 27, 2014	10.56	10.65	9.88	9.92
Apr 26, 2014	10.81	10.85	10.39	10.57
Apr 25, 2014	12.54	12.55	10.47	10.79
Apr 24, 2014	12.14	12.63	11.85	12.55
Apr 23, 2014	12.04	12.21	11.98	12.13
Apr 22, 2014	12.50	12.61	12.05	12.07
Apr 21, 2014	12.56	12.93	12.35	12.50
Apr 20, 2014	12.86	13.12	12.43	12.62
Apr 19, 2014	12.05	12.89	11.64	12.82
Apr 18, 2014	12.46	12.64	11.68	12.06
Apr 17, 2014	13.42	13.74	12.22	12.52
Apr 16, 2014	13.30	14.22	12.69	13.37
Apr 15, 2014	11.46	13.44	11.31	13.25
Apr 14, 2014	10.39	11.69	10.01	11.52
Apr 13, 2014	10.66	10.96	9.68	10.31
Apr 12, 2014	10.90	11.56	10.59	10.66
Apr 11, 2014	8.42	11.37	8.18	10.95
Apr 10, 2014	11.19	11.28	8.13	8.46
Apr 09, 2014	11.38	11.51	11.15	11.19
Apr 08, 2014	11.21	11.65	11.11	11.36
Apr 07, 2014	11.66	11.93	11.26	11.26
Apr 06, 2014	11.18	11.90	11.09	11.64
Apr 05, 2014	11.00	11.24	10.86	11.20
Apr 04, 2014	11.07	11.39	10.72	11.02
Apr 03, 2014	11.26	11.26	10.29	11.05
Apr 02, 2014	13.09	13.37	10.94	11.29
Apr 01, 2014	12.77	13.67	12.76	13.13
Mar 31, 2014	13.15	13.62	12.59	12.75
Mar 30, 2014	13.45	13.55	12.64	13.14
Mar 29, 2014	13.91	13.95	13.45	13.45
Mar 28, 2014	12.66	14.73	12.39	13.74
Mar 27, 2014	16.28	16.28	12.48	12.48
Mar 26, 2014	16.29	16.81	16.14	16.27
Mar 25, 2014	16.23	16.39	15.82	16.30
Mar 24, 2014	15.30	16.19	14.88	16.19
Mar 23, 2014	15.71	15.75	15.32	15.36
Mar 22, 2014	15.64	15.84	15.23	15.71
Mar 21, 2014	16.40	17.07	14.95	15.70
Mar 20, 2014	17.17	17.17	15.76	16.47
Mar 19, 2014	19.45	20.98	17.23	17.24
Mar 18, 2014	17.29	19.83	17.11	19.42
Mar 17, 2014	17.35	17.51	17.07	17.31
Mar 16, 2014	16.89	17.50	16.86	17.35
Mar 15, 2014	16.60	17.00	16.56	16.90
Mar 14, 2014	17.00	17.06	16.48	16.59
Mar 13, 2014	17.16	17.19	16.89	17.02
Mar 12, 2014	16.10	17.24	16.10	17.18
Mar 11, 2014	16.01	16.23	15.85	16.14
Mar 10, 2014	15.98	16.52	15.77	16.01
Mar 09, 2014	15.41	16.37	15.17	16.00
Mar 08, 2014	15.86	16.10	15.16	15.41
Mar 07, 2014	16.48	16.59	15.60	15.85
Mar 06, 2014	16.38	16.91	16.09	16.46
Mar 05, 2014	16.99	17.29	15.70	16.34
Mar 04, 2014	14.29	18.55	14.15	17.07
Mar 03, 2014	12.78	14.46	12.23	14.27
Mar 02, 2014	13.66	13.71	12.72	12.74
Mar 01, 2014	13.23	13.82	13.04	13.65
Feb 28, 2014	14.29	14.29	13.07	13.23
Feb 27, 2014	14.26	14.54	13.89	14.29
Feb 26, 2014	13.80	14.90	13.69	14.23
Feb 25, 2014	14.50	14.50	11.41	13.82
Feb 24, 2014	15.42	15.46	14.31	14.55
Feb 23, 2014	14.98	16.16	14.78	15.49
Feb 22, 2014	13.92	15.22	13.67	14.94
Feb 21, 2014	13.98	14.36	13.18	13.89
Feb 20, 2014	15.70	15.80	13.92	13.98
Feb 19, 2014	15.56	15.84	15.49	15.73
Feb 18, 2014	15.47	15.94	15.38	15.62
Feb 17, 2014	15.14	16.26	15.02	15.49
Feb 16, 2014	16.09	16.55	14.53	15.20
Feb 15, 2014	16.45	16.50	15.76	16.17
Feb 14, 2014	15.37	17.05	13.31	16.41
Feb 13, 2014	16.93	17.12	15.26	15.29
Feb 12, 2014	17.41	17.47	16.75	16.95
Feb 11, 2014	17.76	18.69	16.77	17.46
Feb 10, 2014	18.30	18.69	14.13	17.73
Feb 09, 2014	18.02	18.83	17.53	18.22
Feb 08, 2014	18.53	18.98	17.80	18.08
Feb 07, 2014	19.90	19.90	17.70	18.54
Feb 06, 2014	20.86	20.89	19.82	19.91
Feb 05, 2014	21.53	21.79	20.78	20.78
Feb 04, 2014	21.90	21.97	21.35	21.46
Feb 03, 2014	22.37	22.52	21.60	21.91
Feb 02, 2014	22.50	23.01	22.17	22.40
Feb 01, 2014	22.10	23.38	22.08	22.47
Jan 31, 2014	21.65	22.13	21.49	22.13
Jan 30, 2014	21.91	22.09	21.01	21.69
Jan 29, 2014	21.42	22.34	21.42	21.92
Jan 28, 2014	20.12	22.68	20.05	21.55
Jan 27, 2014	24.13	24.55	19.66	20.02
Jan 26, 2014	23.20	25.08	22.54	24.12
Jan 25, 2014	20.70	23.65	20.39	23.08
Jan 24, 2014	22.30	22.30	19.56	20.72
Jan 23, 2014	23.65	23.96	22.24	22.38
Jan 22, 2014	24.85	24.89	23.16	23.65
Jan 21, 2014	25.20	25.58	24.66	24.73
Jan 20, 2014	25.43	25.74	24.90	25.20
Jan 19, 2014	24.56	25.44	24.09	25.44
Jan 18, 2014	23.81	24.55	23.75	24.55
Jan 17, 2014	24.40	24.58	23.19	23.71
Jan 16, 2014	25.27	25.54	24.41	24.46
Jan 15, 2014	24.10	25.78	23.99	25.22
Jan 14, 2014	24.28	24.74	23.78	24.10
Jan 13, 2014	25.13	25.13	23.51	24.27
Jan 12, 2014	27.05	27.42	24.56	25.09
Jan 11, 2014	24.99	27.34	24.75	26.79
Jan 10, 2014	24.45	25.11	23.63	24.93
Jan 09, 2014	24.49	25.23	23.16	24.43
Jan 08, 2014	22.84	25.53	21.81	24.39
Jan 07, 2014	29.24	30.49	23.25	23.25
Jan 06, 2014	26.91	32.06	26.52	29.22
Jan 05, 2014	25.04	28.00	24.80	26.83
Jan 04, 2014	24.81	25.61	24.18	25.11
Jan 03, 2014	25.67	25.93	23.99	24.82
Jan 02, 2014	24.70	26.59	24.28	25.76
Jan 01, 2014	24.35	25.01	24.31	24.62
Dec 31, 2013	24.51	24.60	23.71	24.35
Dec 30, 2013	23.89	24.95	23.74	24.38
Dec 29, 2013	22.56	24.39	22.20	24.07
Dec 28, 2013	23.19	23.22	21.93	22.56
Dec 27, 2013	24.81	25.27	22.26	23.27
Dec 26, 2013	21.65	25.42	21.65	24.76
Dec 25, 2013	17.65	21.15	17.09	21.15
Dec 24, 2013	17.81	18.11	17.09	17.64
Dec 23, 2013	16.74	18.04	16.69	17.89
Dec 22, 2013	16.60	18.23	16.19	16.86
Dec 21, 2013	17.31	18.97	16.05	16.73
Dec 20, 2013	19.85	21.95	16.88	17.57
Dec 19, 2013	13.43	20.11	13.43	19.91
Dec 18, 2013	21.85	21.90	9.63	13.39
Dec 17, 2013	24.43	26.12	19.79	21.97
Dec 16, 2013	31.39	31.60	23.76	24.64
Dec 15, 2013	30.46	31.71	28.21	31.28
Dec 14, 2013	31.45	31.83	29.82	30.38
Dec 13, 2013	31.65	33.73	29.90	31.20
Dec 12, 2013	31.23	32.44	29.84	31.59
Dec 11, 2013	36.29	37.17	28.95	30.98
Dec 10, 2013	31.50	36.69	31.50	36.29
Dec 09, 2013	27.21	33.02	26.45	31.57
Dec 08, 2013	23.18	27.48	21.20	27.27
Dec 07, 2013	29.74	30.74	20.80	23.29
Dec 06, 2013	37.46	37.64	29.06	29.84
Dec 05, 2013	44.53	44.53	31.14	37.75
Dec 04, 2013	39.32	45.73	37.90	44.73
Dec 03, 2013	33.35	39.79	31.12	39.79
Dec 02, 2013	34.47	35.82	27.25	33.18
Dec 01, 2013	40.57	42.03	27.86	34.74
Nov 30, 2013	36.94	43.78	35.01	40.47
Nov 29, 2013	44.37	47.94	28.61	37.74
Nov 28, 2013	38.99	53.15	36.86	43.39
Nov 27, 2013	19.91	39.04	19.04	39.04
Nov 26, 2013	12.38	20.35	11.81	20.35
Nov 25, 2013	10.32	12.36	10.21	12.27
Nov 24, 2013	10.59	10.81	9.50	10.41
Nov 23, 2013	10.12	11.08	10.05	10.61
Nov 22, 2013	9.36	10.35	8.81	10.13
Nov 21, 2013	8.01	9.51	7.79	9.35
Nov 20, 2013	7.96	8.21	6.00	7.98
Nov 19, 2013	9.42	10.27	6.66	8.03
Nov 18, 2013	4.13	9.89	3.74	9.37
Nov 17, 2013	4.33	4.40	4.09	4.09
Nov 16, 2013	4.19	4.42	4.18	4.30
Nov 15, 2013	4.27	4.42	4.07	4.21
Nov 14, 2013	4.11	4.39	4.07	4.29
Nov 13, 2013	4.02	4.30	3.96	4.11
Nov 12, 2013	4.01	4.09	3.89	3.98
Nov 11, 2013	3.91	4.10	3.70	4.00
Nov 10, 2013	4.34	4.34	3.25	3.93
Nov 09, 2013	4.61	4.65	3.80	4.22
Nov 08, 2013	4.38	4.80	4.35	4.61
Nov 07, 2013	3.36	4.55	3.35	4.39
Nov 06, 2013	3.04	3.51	3.00	3.39
Nov 05, 2013	3.08	3.14	2.87	3.04
Nov 04, 2013	2.90	3.17	2.77	3.08
Nov 03, 2013	2.72	3.32	2.48	2.88
Nov 02, 2013	2.46	2.75	2.37	2.70
Nov 01, 2013	2.34	2.48	2.33	2.45
Oct 31, 2013	2.28	2.38	2.21	2.36
Oct 30, 2013	2.13	2.31	2.11	2.29
Oct 29, 2013	2.17	2.22	2.12	2.13
Oct 28, 2013	2.13	2.23	2.11	2.18
Oct 27, 2013	2.20	2.27	2.09	2.13
Oct 26, 2013	2.16	2.30	2.15	2.21
Oct 25, 2013	2.29	2.65	2.12	2.18
Oct 24, 2013	2.06	2.39	1.95	2.27
Oct 23, 2013	1.70	2.37	1.69	2.05
Oct 22, 2013	1.82	1.84	1.64	1.70
Oct 21, 2013	1.93	1.95	1.78	1.82
Oct 20, 2013	1.87	1.96	1.87	1.93
Oct 19, 2013	1.91	2.00	1.82	1.88
Oct 18, 2013	1.92	1.94	1.88	1.90
Oct 17, 2013	1.92	1.96	1.88	1.91
Oct 16, 2013	1.97	2.04	1.85	1.92
Oct 15, 2013	2.06	2.08	1.90	1.96
Oct 14, 2013	2.15	2.17	2.03	2.05
Oct 13, 2013	2.12	2.19	2.10	2.13
Oct 12, 2013	2.07	2.14	2.06	2.12
Oct 11, 2013	2.03	2.22	1.91	2.07
Oct 10, 2013	1.93	2.38	1.85	2.03
Oct 09, 2013	1.98	2.00	1.86	1.92
Oct 08, 2013	2.10	2.11	1.89	1.98
Oct 07, 2013	2.17	2.20	2.08	2.10
Oct 06, 2013	2.13	2.20	2.12	2.17
Oct 05, 2013	2.19	2.22	2.12	2.15
Oct 04, 2013	2.18	2.26	2.18	2.20
Oct 03, 2013	1.98	2.18	1.92	2.17
Oct 02, 2013	2.42	2.47	1.62	1.97
Oct 01, 2013	2.34	2.51	2.33	2.42
Sep 30, 2013	2.30	2.45	2.23	2.35
Sep 29, 2013	2.27	2.40	2.25	2.30
Sep 28, 2013	2.39	2.40	2.23	2.25
Sep 27, 2013	2.40	2.49	2.36	2.40
Sep 26, 2013	2.37	2.53	2.37	2.39
Sep 25, 2013	2.47	2.51	2.37	2.37
Sep 24, 2013	2.47	2.50	2.42	2.47
Sep 23, 2013	2.53	2.63	2.46	2.47
Sep 22, 2013	2.53	2.64	2.49	2.53
Sep 21, 2013	2.48	2.57	2.47	2.51
Sep 20, 2013	2.61	2.72	2.46	2.48
Sep 19, 2013	2.55	2.63	2.55	2.62
Sep 18, 2013	2.60	2.63	2.54	2.56
Sep 17, 2013	2.63	2.65	2.48	2.60
Sep 16, 2013	2.65	2.68	2.60	2.63
Sep 15, 2013	2.59	2.72	2.55	2.64
Sep 14, 2013	2.66	2.68	2.52	2.54
Sep 13, 2013	2.69	2.74	2.60	2.67
Sep 12, 2013	2.75	2.75	2.66	2.70
Sep 11, 2013	2.64	2.81	2.61	2.72
Sep 10, 2013	2.73	2.73	2.62	2.64
Sep 09, 2013	2.73	2.76	2.65	2.73
Sep 08, 2013	2.70	2.77	2.67	2.73
Sep 07, 2013	2.68	2.76	2.67	2.71
Sep 06, 2013	2.78	2.84	2.65	2.69
Sep 05, 2013	2.82	2.95	2.71	2.75
Sep 04, 2013	2.60	3.19	2.60	2.81
Sep 03, 2013	2.55	2.62	2.49	2.60
Sep 02, 2013	2.57	2.74	2.54	2.56
Sep 01, 2013	2.59	2.76	2.54	2.58
Aug 31, 2013	2.66	2.69	2.55	2.58
Aug 30, 2013	2.54	2.73	2.51	2.66
Aug 29, 2013	2.54	2.58	2.52	2.55
Aug 28, 2013	2.58	2.60	2.51	2.52
Aug 27, 2013	2.57	2.65	2.49	2.57
Aug 26, 2013	2.58	2.65	2.56	2.57
Aug 25, 2013	2.68	2.71	2.52	2.59
Aug 24, 2013	2.74	2.78	2.67	2.69
Aug 23, 2013	2.78	2.88	2.67	2.72
Aug 22, 2013	2.69	2.78	2.59	2.75
Aug 21, 2013	2.77	2.84	2.59	2.70
Aug 20, 2013	2.82	2.88	2.76	2.78
Aug 19, 2013	2.80	2.89	2.74	2.82
Aug 18, 2013	2.80	2.86	2.77	2.80
Aug 17, 2013	2.72	2.84	2.69	2.82
Aug 16, 2013	2.76	2.79	2.70	2.72
Aug 15, 2013	2.74	2.83	2.69	2.76
Aug 14, 2013	2.76	2.83	2.69	2.73
Aug 13, 2013	2.66	2.76	2.62	2.74
Aug 12, 2013	2.69	2.72	2.58	2.65
Aug 11, 2013	2.55	2.72	2.53	2.69
Aug 10, 2013	2.69	2.71	2.56	2.56
Aug 09, 2013	2.71	2.76	2.66	2.68
Aug 08, 2013	2.75	2.81	2.67	2.70
Aug 07, 2013	2.82	2.82	2.70	2.76
Aug 06, 2013	2.84	2.90	2.79	2.82
Aug 05, 2013	3.00	3.03	2.82	2.83
Aug 04, 2013	3.01	3.05	2.94	3.01
Aug 03, 2013	2.84	3.12	2.81	2.96
Aug 02, 2013	2.94	2.97	2.82	2.84
Aug 01, 2013	2.87	3.01	2.85	2.91
Jul 31, 2013	3.00	3.03	2.84	2.87
Jul 30, 2013	2.97	3.00	2.88	2.99
Jul 29, 2013	2.94	3.04	2.94	2.96
Jul 28, 2013	2.88	3.03	2.84	2.98
Jul 27, 2013	2.90	2.94	2.84	2.88
Jul 26, 2013	2.98	2.99	2.83	2.90
Jul 25, 2013	2.95	3.02	2.92	2.97
Jul 24, 2013	2.99	2.99	2.88	2.94
Jul 23, 2013	2.89	3.01	2.88	2.99
Jul 22, 2013	2.95	2.95	2.86	2.89
Jul 21, 2013	2.87	2.95	2.81	2.92
Jul 20, 2013	2.96	3.01	2.86	2.86
Jul 19, 2013	2.88	3.05	2.80	2.96
Jul 18, 2013	3.15	3.15	2.76	2.89
Jul 17, 2013	3.08	3.17	3.06	3.15
Jul 16, 2013	3.00	3.18	2.95	3.10
Jul 15, 2013	2.87	3.06	2.85	2.98
Jul 14, 2013	2.93	2.97	2.78	2.91
Jul 13, 2013	2.81	2.91	2.67	2.90
Jul 12, 2013	2.72	2.91	2.70	2.79
Jul 11, 2013	2.84	2.87	2.64	2.73
Jul 10, 2013	2.61	2.81	2.58	2.81
Jul 09, 2013	2.58	2.65	2.48	2.61
Jul 08, 2013	2.71	2.74	2.49	2.61
Jul 07, 2013	2.46	2.66	2.38	2.66
Jul 06, 2013	2.42	2.62	2.37	2.52
Jul 05, 2013	2.71	2.72	2.33	2.43
Jul 04, 2013	2.68	2.78	2.49	2.73
Jul 03, 2013	2.85	3.03	2.61	2.62
Jul 02, 2013	2.95	3.03	2.81	2.83
Jul 01, 2013	3.01	3.30	2.88	2.95
Jun 30, 2013	2.79	3.00	2.77	2.98
Jun 29, 2013	2.76	2.93	2.70	2.79
Jun 28, 2013	3.04	3.04	2.67	2.75
Jun 27, 2013	2.88	3.03	2.84	3.02
Jun 26, 2013	2.81	2.95	2.75	2.86
Jun 25, 2013	2.85	2.91	2.77	2.82
Jun 24, 2013	3.13	3.15	2.71	2.87
Jun 23, 2013	2.90	3.34	2.90	3.12
Jun 22, 2013	2.86	3.58	2.66	2.92
Jun 21, 2013	2.33	2.87	2.27	2.87
Jun 20, 2013	2.30	2.40	2.27	2.29
Jun 19, 2013	2.30	2.34	2.25	2.30
Jun 18, 2013	2.28	2.37	2.19	2.31
Jun 17, 2013	2.14	2.29	2.09	2.28
Jun 16, 2013	2.09	2.15	2.02	2.13
Jun 15, 2013	2.14	2.21	2.05	2.11
Jun 14, 2013	2.27	2.29	2.09	2.13
Jun 13, 2013	2.40	2.49	2.23	2.27
Jun 12, 2013	2.41	2.45	2.31	2.38
Jun 11, 2013	2.49	2.50	2.18	2.40
Jun 10, 2013	2.38	2.58	2.26	2.49
Jun 09, 2013	2.55	2.59	2.07	2.38
Jun 08, 2013	2.60	2.66	2.54	2.56
Jun 07, 2013	2.78	2.79	2.51	2.60
Jun 06, 2013	2.88	2.91	2.74	2.75
Jun 05, 2013	2.87	2.99	2.81	2.86
Jun 04, 2013	2.70	2.90	2.70	2.87
Jun 03, 2013	2.73	2.75	2.61	2.73
Jun 02, 2013	2.83	2.86	2.56	2.73
Jun 01, 2013	2.94	2.97	2.80	2.83
May 31, 2013	2.97	2.99	2.69	2.96
May 30, 2013	3.08	3.09	2.88	2.97
May 29, 2013	3.09	3.12	3.02	3.10
May 28, 2013	3.10	3.13	3.02	3.09
May 27, 2013	3.23	3.26	3.02	3.10
May 26, 2013	3.12	3.33	3.09	3.25
May 25, 2013	3.19	3.20	3.05	3.12
May 24, 2013	3.17	3.19	3.04	3.18
May 23, 2013	3.12	3.19	3.09	3.18
May 22, 2013	3.09	3.14	3.03	3.12
May 21, 2013	3.19	3.22	3.04	3.09
May 20, 2013	3.31	3.32	3.15	3.18
May 19, 2013	3.30	3.41	3.19	3.30
May 18, 2013	3.20	3.36	3.13	3.29
May 17, 2013	2.89	3.34	2.87	3.19
May 16, 2013	2.93	2.97	2.69	2.92
May 15, 2013	2.82	3.04	2.64	2.94
May 14, 2013	3.28	3.33	2.78	2.82
May 13, 2013	3.26	3.37	3.20	3.28
May 12, 2013	3.36	3.42	3.22	3.27
May 11, 2013	3.46	3.48	3.30	3.35
May 10, 2013	3.41	3.63	3.37	3.44
May 09, 2013	3.40	3.44	3.29	3.42
May 08, 2013	3.28	3.49	3.28	3.41
May 07, 2013	3.37	3.41	2.94	3.33
May 06, 2013	3.59	3.78	3.12	3.37
May 05, 2013	3.49	3.69	3.35	3.59
May 04, 2013	3.03	3.64	2.90	3.48
May 03, 2013	3.39	3.45	2.40	3.04
May 02, 2013	3.78	4.04	3.01	3.37
May 01, 2013	4.29	4.36	3.52	3.80
Apr 30, 2013	4.40	4.57	4.17	4.30
Apr 29, 2013	4.37	4.57	4.23	4.38
Apr 28, 2013	4.30	4.40	4.18	4.35
