Date	Open	High	Low	Close
Jan 30, 2018	0.338261	0.341935	0.282679	0.282679
Jan 29, 2018	0.332905	0.348977	0.320269	0.343890
Jan 28, 2018	0.327574	0.336770	0.323919	0.333915
Jan 27, 2018	0.316835	0.331151	0.303967	0.326521
Jan 26, 2018	0.329196	0.340517	0.297686	0.316020
Jan 25, 2018	0.353355	0.355379	0.318158	0.329882
Jan 24, 2018	0.340479	0.358436	0.325995	0.349271
Jan 23, 2018	0.375521	0.375521	0.311420	0.340955
Jan 22, 2018	0.304311	0.425536	0.304311	0.385011
Jan 21, 2018	0.352873	0.353654	0.286545	0.302511
Jan 20, 2018	0.323906	0.361130	0.321023	0.353128
Jan 19, 2018	0.317238	0.341350	0.302666	0.321826
Jan 18, 2018	0.314257	0.350292	0.294525	0.319579
Jan 17, 2018	0.286608	0.322183	0.221734	0.313655
Jan 16, 2018	0.418344	0.418344	0.241974	0.285467
Jan 15, 2018	0.427539	0.448847	0.416776	0.416776
Jan 14, 2018	0.455967	0.460452	0.408202	0.430622
Jan 13, 2018	0.465524	0.484062	0.448100	0.457034
Jan 12, 2018	0.401625	0.489947	0.392165	0.466118
Jan 11, 2018	0.457650	0.473849	0.386050	0.401719
Jan 10, 2018	0.491763	0.498697	0.434028	0.458427
Jan 09, 2018	0.487833	0.536650	0.480768	0.490285
Jan 08, 2018	0.548572	0.548572	0.436031	0.489280
Jan 07, 2018	0.552162	0.595422	0.538616	0.550889
Jan 06, 2018	0.519948	0.625404	0.482093	0.554009
Jan 05, 2018	0.592661	0.607742	0.503527	0.517191
Jan 04, 2018	0.640088	0.646221	0.588234	0.593549
Jan 03, 2018	0.627283	0.670788	0.568040	0.640471
Jan 02, 2018	0.643200	0.669923	0.584694	0.627515
Jan 01, 2018	0.688276	0.688276	0.601480	0.641351
Dec 31, 2017	0.557568	0.739173	0.534113	0.705943
Dec 30, 2017	0.595956	0.636186	0.461833	0.547691
Dec 29, 2017	0.730633	0.730633	0.570118	0.603797
Dec 28, 2017	1.25	1.26	0.648934	0.732203
Dec 27, 2017	1.48	1.69	1.20	1.29
Dec 26, 2017	1.72	1.87	1.39	1.52
Dec 25, 2017	1.81	1.88	1.63	1.72
Dec 24, 2017	1.91	1.99	1.57	1.79
Dec 23, 2017	1.24	2.16	1.22	1.82
Dec 22, 2017	1.23	1.39	0.798541	1.23
Dec 21, 2017	1.17	1.42	1.10	1.22
Dec 20, 2017	0.936251	1.24	0.786655	1.18
Dec 19, 2017	0.986498	1.06	0.863047	0.937264
Dec 18, 2017	0.825393	1.14	0.763747	0.981467
Dec 17, 2017	0.685655	0.872243	0.681070	0.824313
Dec 16, 2017	0.674764	0.713393	0.668432	0.686920
Dec 15, 2017	0.702525	0.712453	0.606007	0.682288
Dec 14, 2017	0.692443	0.735987	0.659692	0.702116
Dec 13, 2017	0.674576	0.796036	0.626064	0.696744
Dec 12, 2017	0.643664	0.700721	0.623867	0.687444
Dec 11, 2017	0.556815	0.700691	0.556815	0.646495
Dec 10, 2017	0.617848	0.617848	0.436205	0.558318
Dec 09, 2017	0.664305	0.693342	0.507583	0.607780
Dec 08, 2017	0.698858	0.736619	0.566458	0.658027
Dec 07, 2017	0.471483	0.802436	0.436815	0.721156
Dec 06, 2017	0.411315	0.531594	0.370998	0.472801
Dec 05, 2017	0.449818	0.449818	0.406414	0.406414
Dec 04, 2017	0.427488	0.503917	0.422132	0.449105
Dec 03, 2017	0.348566	0.490224	0.332905	0.428741
Dec 02, 2017	0.227519	0.399538	0.224983	0.366774
Dec 01, 2017	0.179009	0.229708	0.167489	0.228993
Nov 30, 2017	0.163436	0.188106	0.151074	0.179131
Nov 29, 2017	0.197063	0.222131	0.158174	0.160994
Nov 28, 2017	0.197875	0.212616	0.186457	0.196383
Nov 27, 2017	0.165864	0.223369	0.165688	0.198885
Nov 26, 2017	0.134390	0.165456	0.122909	0.165456
Nov 25, 2017	0.126565	0.140503	0.126565	0.135114
Nov 24, 2017	0.111481	0.126484	0.104170	0.126009
Nov 23, 2017	0.126474	0.127885	0.108991	0.112254
Nov 22, 2017	0.124743	0.148261	0.119321	0.126158
Nov 21, 2017	0.090314	0.134536	0.090314	0.125854
Nov 20, 2017	0.077230	0.097157	0.075080	0.090254
Nov 19, 2017	0.075365	0.079880	0.075230	0.077259
Nov 18, 2017	0.068646	0.075759	0.067861	0.075759
Nov 17, 2017	0.069938	0.070775	0.067872	0.069890
Nov 16, 2017	0.068951	0.072113	0.065614	0.069928
Nov 15, 2017	0.066884	0.069599	0.066272	0.068737
Nov 14, 2017	0.063269	0.068251	0.062382	0.066791
Nov 13, 2017	0.060764	0.065963	0.059929	0.063419
Nov 12, 2017	0.068062	0.068062	0.058656	0.060480
Nov 11, 2017	0.064097	0.069669	0.059893	0.068138
Nov 10, 2017	0.072113	0.073465	0.061475	0.064071
Nov 09, 2017	0.064538	0.075161	0.061113	0.071503
Nov 08, 2017	0.058730	0.064688	0.057946	0.064500
Nov 07, 2017	0.055911	0.059337	0.055248	0.059105
Nov 06, 2017	0.057226	0.058785	0.054739	0.055975
Nov 05, 2017	0.056425	0.058565	0.055125	0.057094
Nov 04, 2017	0.058178	0.058335	0.054712	0.056574
Nov 03, 2017	0.060299	0.060299	0.054731	0.057324
Nov 02, 2017	0.056131	0.064183	0.051210	0.061484
Nov 01, 2017	0.058259	0.058810	0.055387	0.056125
Oct 31, 2017	0.058377	0.059364	0.057720	0.058260
Oct 30, 2017	0.059045	0.059704	0.058170	0.058622
Oct 29, 2017	0.058239	0.061038	0.057840	0.059357
Oct 28, 2017	0.059366	0.060387	0.058275	0.058275
Oct 27, 2017	0.060047	0.061158	0.058084	0.059179
Oct 26, 2017	0.060851	0.062961	0.059361	0.060045
Oct 25, 2017	0.061414	0.062021	0.059361	0.060751
Oct 24, 2017	0.058568	0.065662	0.057648	0.061198
Oct 23, 2017	0.061056	0.061261	0.056541	0.058529
Oct 22, 2017	0.062099	0.064432	0.059910	0.060803
Oct 21, 2017	0.062402	0.063410	0.058415	0.061944
Oct 20, 2017	0.065076	0.066605	0.062436	0.063437
Oct 19, 2017	0.066645	0.067398	0.062969	0.065116
Oct 18, 2017	0.066623	0.067069	0.061446	0.066639
Oct 17, 2017	0.069278	0.070010	0.065622	0.066945
Oct 16, 2017	0.067115	0.074696	0.066433	0.069312
Oct 15, 2017	0.067969	0.073371	0.064375	0.067413
Oct 14, 2017	0.063221	0.074125	0.062242	0.068486
Oct 13, 2017	0.063965	0.065623	0.061042	0.063232
Oct 12, 2017	0.066481	0.067125	0.062608	0.064574
Oct 11, 2017	0.066689	0.068474	0.065301	0.066505
Oct 10, 2017	0.062192	0.070596	0.062192	0.066919
Oct 09, 2017	0.068749	0.071005	0.060591	0.062372
Oct 08, 2017	0.079448	0.083006	0.067538	0.068444
Oct 07, 2017	0.066161	0.084642	0.065341	0.079690
Oct 06, 2017	0.063404	0.070477	0.062449	0.066085
Oct 05, 2017	0.063043	0.064443	0.059835	0.063342
Oct 04, 2017	0.066905	0.066929	0.062313	0.063072
Oct 03, 2017	0.070884	0.070884	0.062927	0.066620
Oct 02, 2017	0.074984	0.075165	0.069671	0.070881
Oct 01, 2017	0.076697	0.077655	0.073803	0.074751
Sep 30, 2017	0.070620	0.076488	0.069262	0.076488
Sep 29, 2017	0.072396	0.073093	0.066474	0.071052
Sep 28, 2017	0.076309	0.079244	0.071541	0.072449
Sep 27, 2017	0.065662	0.074724	0.065572	0.074724
Sep 26, 2017	0.063975	0.068647	0.062752	0.065710
Sep 25, 2017	0.059612	0.064237	0.059484	0.063894
Sep 24, 2017	0.061674	0.062831	0.059025	0.059606
Sep 23, 2017	0.058613	0.063440	0.057739	0.061825
Sep 22, 2017	0.059350	0.060934	0.054911	0.058817
Sep 21, 2017	0.067365	0.068672	0.057735	0.059259
Sep 20, 2017	0.069252	0.071213	0.065773	0.067742
Sep 19, 2017	0.076447	0.076896	0.068024	0.068958
Sep 18, 2017	0.067254	0.076894	0.067254	0.076242
Sep 17, 2017	0.063349	0.071900	0.057286	0.067395
Sep 16, 2017	0.065238	0.067700	0.058835	0.063342
Sep 15, 2017	0.055217	0.069452	0.042050	0.065516
Sep 14, 2017	0.076772	0.077301	0.054695	0.054695
Sep 13, 2017	0.083857	0.084284	0.072632	0.076776
Sep 12, 2017	0.082856	0.097096	0.082654	0.084199
Sep 11, 2017	0.083914	0.086836	0.081157	0.082828
Sep 10, 2017	0.088247	0.088247	0.076804	0.084298
Sep 09, 2017	0.088439	0.090769	0.084782	0.088337
Sep 08, 2017	0.104115	0.114838	0.082826	0.087520
Sep 07, 2017	0.106555	0.109775	0.101096	0.103844
Sep 06, 2017	0.090424	0.106607	0.090086	0.106607
Sep 05, 2017	0.088438	0.091453	0.076482	0.090720
Sep 04, 2017	0.106745	0.106887	0.083013	0.088583
Sep 03, 2017	0.106365	0.111047	0.102349	0.106711
Sep 02, 2017	0.119236	0.121954	0.105135	0.106538
Sep 01, 2017	0.112879	0.119231	0.112611	0.119231
Aug 31, 2017	0.113267	0.115118	0.111329	0.112688
Aug 30, 2017	0.110858	0.113526	0.108873	0.113287
Aug 29, 2017	0.113617	0.114160	0.109194	0.110692
Aug 28, 2017	0.115252	0.115252	0.109408	0.113367
Aug 27, 2017	0.110561	0.118645	0.107584	0.114978
Aug 26, 2017	0.114791	0.115288	0.106168	0.110877
Aug 25, 2017	0.117604	0.119893	0.110263	0.114595
Aug 24, 2017	0.122219	0.124958	0.117324	0.117535
Aug 23, 2017	0.108269	0.138674	0.107734	0.122667
Aug 22, 2017	0.107823	0.110300	0.101121	0.108447
Aug 21, 2017	0.113574	0.115395	0.103457	0.108490
Aug 20, 2017	0.103508	0.115961	0.100162	0.114357
Aug 19, 2017	0.102179	0.109592	0.092903	0.104418
Aug 18, 2017	0.109866	0.109866	0.101584	0.103049
Aug 17, 2017	0.108800	0.119095	0.106411	0.109975
Aug 16, 2017	0.109995	0.115183	0.107402	0.109320
Aug 15, 2017	0.108856	0.121561	0.102437	0.109909
Aug 14, 2017	0.128583	0.133475	0.106611	0.109403
Aug 13, 2017	0.115896	0.128857	0.110551	0.128857
Aug 12, 2017	0.128562	0.134607	0.114902	0.115752
Aug 11, 2017	0.130984	0.136269	0.121770	0.128038
Aug 10, 2017	0.143020	0.143020	0.131148	0.131234
Aug 09, 2017	0.142711	0.147259	0.139159	0.143389
Aug 08, 2017	0.152590	0.152590	0.137660	0.142463
Aug 07, 2017	0.130775	0.153180	0.126928	0.152942
Aug 06, 2017	0.147259	0.152264	0.130401	0.130977
Aug 05, 2017	0.156700	0.169184	0.143188	0.149098
Aug 04, 2017	0.164495	0.179605	0.157530	0.157549
Aug 03, 2017	0.179101	0.180701	0.158068	0.164285
Aug 02, 2017	0.143026	0.188802	0.138195	0.180510
Aug 01, 2017	0.105880	0.145773	0.104145	0.142859
Jul 31, 2017	0.099096	0.108256	0.096182	0.106096
Jul 30, 2017	0.103573	0.105112	0.098707	0.099528
Jul 29, 2017	0.100506	0.103884	0.095962	0.103745
Jul 28, 2017	0.108469	0.109360	0.100071	0.100955
Jul 27, 2017	0.106313	0.109742	0.103599	0.108135
Jul 26, 2017	0.104151	0.114244	0.096855	0.105473
Jul 25, 2017	0.124660	0.125811	0.097882	0.104221
Jul 24, 2017	0.129119	0.130561	0.120138	0.124598
Jul 23, 2017	0.147012	0.147834	0.119697	0.128511
Jul 22, 2017	0.126923	0.148674	0.126530	0.147190
Jul 21, 2017	0.120876	0.136678	0.117291	0.127412
Jul 20, 2017	0.087419	0.125580	0.087419	0.119918
Jul 19, 2017	0.081317	0.102689	0.075768	0.087220
Jul 18, 2017	0.075111	0.085010	0.070034	0.080659
Jul 17, 2017	0.062898	0.076625	0.062898	0.074897
Jul 16, 2017	0.069960	0.072820	0.058375	0.063136
Jul 15, 2017	0.077847	0.078218	0.068186	0.070498
Jul 14, 2017	0.083821	0.087055	0.073077	0.078036
Jul 13, 2017	0.091080	0.102754	0.079632	0.084125
Jul 12, 2017	0.078524	0.091930	0.071244	0.090346
Jul 11, 2017	0.089768	0.092160	0.074597	0.079291
Jul 10, 2017	0.103592	0.116960	0.084949	0.089619
Jul 09, 2017	0.117951	0.132976	0.102974	0.102974
Jul 08, 2017	0.100959	0.118040	0.089181	0.117800
Jul 07, 2017	0.127834	0.128266	0.100726	0.101308
Jul 06, 2017	0.140724	0.141537	0.127560	0.128393
Jul 05, 2017	0.147439	0.147439	0.137578	0.140559
Jul 04, 2017	0.140102	0.160995	0.140102	0.147335
Jul 03, 2017	0.139744	0.144021	0.130554	0.140057
Jul 02, 2017	0.138091	0.141124	0.127078	0.140904
Jul 01, 2017	0.162628	0.163394	0.135427	0.138807
Jun 30, 2017	0.164617	0.171617	0.161394	0.162800
Jun 29, 2017	0.172574	0.173835	0.160346	0.164680
Jun 28, 2017	0.167669	0.177249	0.160349	0.172712
Jun 27, 2017	0.181129	0.181129	0.148365	0.166896
Jun 26, 2017	0.185603	0.200747	0.151375	0.181129
Jun 25, 2017	0.179295	0.220132	0.174728	0.184299
Jun 24, 2017	0.176910	0.193693	0.174757	0.179186
Jun 23, 2017	0.170355	0.180748	0.168049	0.176062
Jun 22, 2017	0.171177	0.175297	0.165101	0.170363
Jun 21, 2017	0.173315	0.182426	0.167138	0.171692
Jun 20, 2017	0.179486	0.184276	0.168672	0.173800
Jun 19, 2017	0.158885	0.186900	0.158556	0.179066
Jun 18, 2017	0.165691	0.168904	0.157122	0.159246
Jun 17, 2017	0.170604	0.177451	0.159536	0.165881
Jun 16, 2017	0.180674	0.182599	0.163215	0.170814
Jun 15, 2017	0.170768	0.184830	0.136208	0.178862
Jun 14, 2017	0.198648	0.211024	0.169548	0.172472
Jun 13, 2017	0.166995	0.249438	0.166995	0.197164
Jun 12, 2017	0.145483	0.200229	0.132783	0.166462
Jun 11, 2017	0.119674	0.153634	0.118316	0.146333
Jun 10, 2017	0.123885	0.159302	0.120540	0.120540
Jun 09, 2017	0.098987	0.139039	0.098987	0.123902
Jun 08, 2017	0.087407	0.098774	0.080644	0.098774
Jun 07, 2017	0.083506	0.094101	0.083103	0.087441
Jun 06, 2017	0.082431	0.084314	0.074344	0.083430
Jun 05, 2017	0.068845	0.088311	0.068845	0.082481
Jun 04, 2017	0.066386	0.070094	0.064304	0.068759
Jun 03, 2017	0.069567	0.070538	0.065223	0.065885
Jun 02, 2017	0.058684	0.072232	0.058684	0.069865
Jun 01, 2017	0.055477	0.060682	0.055477	0.059195
May 31, 2017	0.052614	0.057509	0.047836	0.055493
May 30, 2017	0.057738	0.061682	0.052505	0.052570
May 29, 2017	0.049228	0.065103	0.045124	0.057794
May 28, 2017	0.048608	0.054185	0.043462	0.050234
May 27, 2017	0.053865	0.053865	0.036624	0.047165
May 26, 2017	0.066503	0.074444	0.050032	0.053560
May 25, 2017	0.082826	0.082900	0.063497	0.066548
May 24, 2017	0.081797	0.089633	0.077052	0.082025
May 23, 2017	0.077493	0.084548	0.076106	0.081196
May 22, 2017	0.080512	0.083574	0.072176	0.077119
May 21, 2017	0.078287	0.086620	0.077046	0.080635
May 20, 2017	0.073699	0.083228	0.070910	0.077773
May 19, 2017	0.064667	0.081629	0.061916	0.073919
May 18, 2017	0.062333	0.068034	0.059521	0.064539
May 17, 2017	0.057804	0.062363	0.053172	0.061954
May 16, 2017	0.062662	0.064990	0.056380	0.058586
May 15, 2017	0.065130	0.076460	0.061138	0.062890
May 14, 2017	0.045205	0.073369	0.045015	0.065385
May 13, 2017	0.042194	0.047721	0.039099	0.045030
May 12, 2017	0.041431	0.045793	0.041135	0.041945
May 11, 2017	0.043978	0.045304	0.039155	0.041445
May 10, 2017	0.045302	0.047823	0.041506	0.043990
May 09, 2017	0.049250	0.053068	0.039193	0.045237
May 08, 2017	0.043402	0.052633	0.042901	0.049426
May 07, 2017	0.037312	0.046439	0.036313	0.043637
May 06, 2017	0.032651	0.038249	0.032651	0.037287
May 05, 2017	0.029182	0.037693	0.029182	0.032901
May 04, 2017	0.028239	0.030298	0.028168	0.029289
May 03, 2017	0.027384	0.028618	0.026660	0.028132
May 02, 2017	0.028538	0.030610	0.025448	0.027493
May 01, 2017	0.031878	0.032012	0.026772	0.028809
Apr 30, 2017	0.030181	0.032125	0.029889	0.032030
Apr 29, 2017	0.028186	0.030321	0.028091	0.030293
Apr 28, 2017	0.026797	0.032931	0.026365	0.028223
Apr 27, 2017	0.027754	0.029110	0.026155	0.026969
Apr 26, 2017	0.024113	0.028457	0.023617	0.027731
Apr 25, 2017	0.022186	0.025161	0.022186	0.024029
Apr 24, 2017	0.020166	0.022422	0.020166	0.022162
Apr 23, 2017	0.020196	0.020342	0.019627	0.020068
Apr 22, 2017	0.019672	0.020490	0.019620	0.020078
Apr 21, 2017	0.020000	0.020598	0.018967	0.019515
Apr 20, 2017	0.020911	0.022244	0.018670	0.020031
Apr 19, 2017	0.019102	0.021884	0.018111	0.020966
Apr 18, 2017	0.017307	0.019453	0.016562	0.019118
Apr 17, 2017	0.017402	0.017719	0.016341	0.017242
Apr 16, 2017	0.016544	0.019256	0.016544	0.017362
Apr 15, 2017	0.015351	0.016848	0.015267	0.016543
Apr 14, 2017	0.015520	0.015545	0.015018	0.015309
Apr 13, 2017	0.014538	0.015665	0.014538	0.015494
Apr 12, 2017	0.014061	0.014622	0.014023	0.014538
Apr 11, 2017	0.013780	0.014607	0.013697	0.014064
Apr 10, 2017	0.013792	0.014009	0.013247	0.013790
Apr 09, 2017	0.014844	0.014927	0.013758	0.013764
Apr 08, 2017	0.014474	0.014998	0.014054	0.014885
Apr 07, 2017	0.014422	0.014946	0.013023	0.014446
Apr 06, 2017	0.015977	0.016395	0.013579	0.014616
Apr 05, 2017	0.015680	0.016978	0.015454	0.015874
Apr 04, 2017	0.015142	0.016661	0.014604	0.015610
Apr 03, 2017	0.017377	0.021156	0.015032	0.015129
Apr 02, 2017	0.013778	0.017210	0.013655	0.017202
Apr 01, 2017	0.013701	0.013974	0.012879	0.013785
Mar 31, 2017	0.013409	0.014396	0.012470	0.013698
Mar 30, 2017	0.012956	0.013539	0.012015	0.013357
Mar 29, 2017	0.012214	0.013797	0.011872	0.012956
Mar 28, 2017	0.011994	0.012252	0.010808	0.012179
Mar 27, 2017	0.012193	0.012724	0.011695	0.011805
Mar 26, 2017	0.014080	0.014125	0.011682	0.012126
Mar 25, 2017	0.009806	0.015270	0.009718	0.013969
Mar 24, 2017	0.010689	0.010750	0.009794	0.009794
Mar 23, 2017	0.009993	0.010878	0.009806	0.010835
Mar 22, 2017	0.010467	0.011308	0.009344	0.009987
Mar 21, 2017	0.009234	0.010405	0.009204	0.010405
Mar 20, 2017	0.008423	0.009462	0.008383	0.009211
Mar 19, 2017	0.008014	0.008598	0.007602	0.008431
Mar 18, 2017	0.009060	0.009076	0.007890	0.008002
Mar 17, 2017	0.009699	0.009699	0.008880	0.008983
Mar 16, 2017	0.011025	0.011025	0.009071	0.009933
Mar 15, 2017	0.009771	0.011730	0.009658	0.011028
Mar 14, 2017	0.008905	0.010123	0.008787	0.009662
Mar 13, 2017	0.008246	0.009321	0.008068	0.008795
Mar 12, 2017	0.007937	0.008724	0.007830	0.008215
Mar 11, 2017	0.007397	0.008070	0.007395	0.007954
Mar 10, 2017	0.007860	0.007942	0.007281	0.007388
Mar 09, 2017	0.008073	0.008089	0.007570	0.007891
Mar 08, 2017	0.008205	0.009147	0.008066	0.008066
Mar 07, 2017	0.007774	0.008233	0.007678	0.008179
Mar 06, 2017	0.008223	0.008308	0.007729	0.007827
Mar 05, 2017	0.008035	0.008587	0.007973	0.008356
Mar 04, 2017	0.007026	0.008081	0.007025	0.008077
Mar 03, 2017	0.006672	0.007200	0.006652	0.007027
Mar 02, 2017	0.006707	0.007059	0.006558	0.006681
Mar 01, 2017	0.006811	0.007113	0.006647	0.006731
Feb 28, 2017	0.006959	0.007018	0.006773	0.006884
Feb 27, 2017	0.007090	0.007110	0.006836	0.006939
Feb 26, 2017	0.006997	0.007150	0.006879	0.007097
Feb 25, 2017	0.006982	0.007233	0.006877	0.007021
Feb 24, 2017	0.007398	0.007412	0.006749	0.007004
Feb 23, 2017	0.007046	0.008088	0.006925	0.007433
Feb 22, 2017	0.007027	0.007124	0.006811	0.007026
Feb 21, 2017	0.007266	0.007312	0.006868	0.007027
Feb 20, 2017	0.007303	0.007355	0.007147	0.007273
Feb 19, 2017	0.007244	0.007375	0.007117	0.007331
Feb 18, 2017	0.007447	0.007570	0.007179	0.007198
Feb 17, 2017	0.007466	0.007667	0.007287	0.007428
Feb 16, 2017	0.008022	0.008100	0.007451	0.007511
Feb 15, 2017	0.008012	0.008177	0.007966	0.008051
Feb 14, 2017	0.008176	0.008243	0.007762	0.008008
Feb 13, 2017	0.008539	0.008622	0.008058	0.008178
Feb 12, 2017	0.008818	0.008896	0.008434	0.008562
Feb 11, 2017	0.009015	0.009257	0.008534	0.008821
Feb 10, 2017	0.008326	0.009193	0.008080	0.009023
Feb 09, 2017	0.009068	0.009259	0.007888	0.008311
Feb 08, 2017	0.009205	0.009516	0.008350	0.009121
Feb 07, 2017	0.009559	0.010466	0.008331	0.009194
Feb 06, 2017	0.007336	0.010327	0.007336	0.009645
Feb 05, 2017	0.006551	0.007408	0.006528	0.007408
Feb 04, 2017	0.006814	0.006816	0.006499	0.006552
Feb 03, 2017	0.006334	0.006854	0.006314	0.006854
Feb 02, 2017	0.006392	0.006476	0.006234	0.006331
Feb 01, 2017	0.006390	0.006539	0.006199	0.006398
Jan 31, 2017	0.006437	0.006440	0.006144	0.006390
Jan 30, 2017	0.006472	0.006658	0.006175	0.006433
Jan 29, 2017	0.005899	0.006702	0.005865	0.006481
Jan 28, 2017	0.005790	0.005970	0.005780	0.005893
Jan 27, 2017	0.005863	0.005948	0.005744	0.005773
Jan 26, 2017	0.005783	0.005943	0.005603	0.005867
Jan 25, 2017	0.005624	0.005996	0.005550	0.005776
Jan 24, 2017	0.005792	0.005810	0.005535	0.005659
Jan 23, 2017	0.005799	0.005834	0.005614	0.005763
Jan 22, 2017	0.005806	0.005931	0.005660	0.005801
Jan 21, 2017	0.005810	0.005927	0.005688	0.005804
Jan 20, 2017	0.005927	0.005943	0.005751	0.005827
Jan 19, 2017	0.005720	0.006032	0.005627	0.005928
Jan 18, 2017	0.005759	0.005773	0.005497	0.005748
Jan 17, 2017	0.005841	0.006019	0.005628	0.005757
Jan 16, 2017	0.005945	0.006010	0.005628	0.005864
Jan 15, 2017	0.005493	0.006081	0.005343	0.005945
Jan 14, 2017	0.005536	0.005584	0.005440	0.005511
Jan 13, 2017	0.005491	0.005601	0.005361	0.005532
Jan 12, 2017	0.005323	0.005533	0.005102	0.005491
Jan 11, 2017	0.005802	0.006008	0.005207	0.005239
Jan 10, 2017	0.005947	0.006070	0.005801	0.005801
Jan 09, 2017	0.005984	0.006253	0.005808	0.005937
Jan 08, 2017	0.006136	0.006275	0.005914	0.005979
Jan 07, 2017	0.005825	0.006138	0.005688	0.006125
Jan 06, 2017	0.006184	0.006307	0.005776	0.005818
Jan 05, 2017	0.006542	0.007132	0.005694	0.006184
Jan 04, 2017	0.006035	0.006648	0.005915	0.006481
Jan 03, 2017	0.006019	0.006086	0.005785	0.006011
Jan 02, 2017	0.006113	0.006173	0.005914	0.006033
Jan 01, 2017	0.005939	0.006166	0.005811	0.006112
Dec 31, 2016	0.006010	0.006033	0.005834	0.005941
Dec 30, 2016	0.006257	0.006257	0.005956	0.005990
Dec 29, 2016	0.005910	0.006413	0.005867	0.006260
Dec 28, 2016	0.006120	0.006208	0.005878	0.005910
Dec 27, 2016	0.006036	0.006184	0.005889	0.006118
Dec 26, 2016	0.005988	0.006160	0.005917	0.006030
Dec 25, 2016	0.006117	0.006162	0.005820	0.005989
Dec 24, 2016	0.005874	0.006273	0.005776	0.006075
Dec 23, 2016	0.005821	0.006042	0.005549	0.005916
Dec 22, 2016	0.005753	0.005974	0.005693	0.005822
Dec 21, 2016	0.005703	0.005932	0.005620	0.005768
Dec 20, 2016	0.005606	0.005797	0.005546	0.005704
Dec 19, 2016	0.005720	0.005779	0.005545	0.005611
Dec 18, 2016	0.005886	0.005913	0.005689	0.005718
Dec 17, 2016	0.005957	0.006018	0.005776	0.005898
Dec 16, 2016	0.005566	0.005969	0.005566	0.005956
Dec 15, 2016	0.005785	0.005869	0.005533	0.005568
Dec 14, 2016	0.005852	0.005992	0.005754	0.005781
Dec 13, 2016	0.005772	0.005949	0.005664	0.005856
Dec 12, 2016	0.005773	0.005982	0.005750	0.005787
Dec 11, 2016	0.005897	0.005955	0.005768	0.005772
Dec 10, 2016	0.005746	0.006045	0.005713	0.005884
Dec 09, 2016	0.006181	0.006181	0.005747	0.005747
Dec 08, 2016	0.006197	0.006397	0.006183	0.006183
Dec 07, 2016	0.005409	0.006378	0.005406	0.006194
Dec 06, 2016	0.005620	0.005702	0.005242	0.005399
Dec 05, 2016	0.005946	0.005986	0.005543	0.005641
Dec 04, 2016	0.005840	0.006013	0.005808	0.005943
Dec 03, 2016	0.005823	0.005941	0.005721	0.005832
Dec 02, 2016	0.005927	0.006016	0.005797	0.005817
Dec 01, 2016	0.006322	0.006326	0.005877	0.005959
Nov 30, 2016	0.006192	0.006351	0.006148	0.006275
Nov 29, 2016	0.006259	0.006357	0.006153	0.006190
Nov 28, 2016	0.006108	0.006309	0.006091	0.006259
Nov 27, 2016	0.006217	0.006303	0.006071	0.006096
Nov 26, 2016	0.006272	0.006354	0.006212	0.006218
Nov 25, 2016	0.006433	0.006436	0.006229	0.006277
Nov 24, 2016	0.006546	0.006546	0.006256	0.006432
Nov 23, 2016	0.006367	0.006644	0.006338	0.006547
Nov 22, 2016	0.006494	0.006520	0.006255	0.006423
Nov 21, 2016	0.006473	0.006594	0.006315	0.006495
Nov 20, 2016	0.006628	0.006706	0.006364	0.006472
Nov 19, 2016	0.006799	0.006816	0.006572	0.006627
Nov 18, 2016	0.006932	0.006932	0.006624	0.006799
Nov 17, 2016	0.006712	0.007071	0.006692	0.006855
Nov 16, 2016	0.006889	0.007089	0.006760	0.006760
Nov 15, 2016	0.007160	0.007298	0.006754	0.006898
Nov 14, 2016	0.007119	0.007263	0.007035	0.007159
Nov 13, 2016	0.007422	0.007472	0.007112	0.007132
Nov 12, 2016	0.006997	0.007634	0.006872	0.007423
Nov 11, 2016	0.006743	0.007134	0.006703	0.006996
Nov 10, 2016	0.006624	0.007181	0.006620	0.006747
Nov 09, 2016	0.006492	0.006817	0.006403	0.006624
Nov 08, 2016	0.006724	0.006733	0.006374	0.006490
Nov 07, 2016	0.006836	0.006836	0.006567	0.006630
Nov 06, 2016	0.007193	0.007252	0.006745	0.006839
Nov 05, 2016	0.006999	0.007586	0.006864	0.007197
Nov 04, 2016	0.006406	0.007102	0.006317	0.007004
Nov 03, 2016	0.006348	0.006737	0.006258	0.006418
Nov 02, 2016	0.006385	0.006511	0.006240	0.006332
Nov 01, 2016	0.006495	0.006538	0.006188	0.006418
Oct 31, 2016	0.006682	0.007029	0.006425	0.006495
Oct 30, 2016	0.006350	0.006943	0.006215	0.006636
Oct 29, 2016	0.006746	0.006757	0.006089	0.006352
Oct 28, 2016	0.006677	0.007189	0.006526	0.006747
Oct 27, 2016	0.007076	0.007157	0.006642	0.006676
Oct 26, 2016	0.007183	0.007292	0.006933	0.007091
Oct 25, 2016	0.007574	0.007574	0.007123	0.007162
Oct 24, 2016	0.007464	0.007621	0.007287	0.007598
Oct 23, 2016	0.007613	0.007760	0.007424	0.007458
Oct 22, 2016	0.007728	0.007771	0.007372	0.007651
Oct 21, 2016	0.007785	0.007927	0.007690	0.007738
Oct 20, 2016	0.007766	0.007984	0.007702	0.007790
Oct 19, 2016	0.007864	0.007912	0.007519	0.007766
Oct 18, 2016	0.008012	0.008130	0.007668	0.007832
Oct 17, 2016	0.008083	0.008784	0.007849	0.008011
Oct 16, 2016	0.008111	0.008919	0.007963	0.008054
Oct 15, 2016	0.008829	0.008897	0.008019	0.008109
Oct 14, 2016	0.009859	0.010227	0.008694	0.008775
Oct 13, 2016	0.011447	0.011516	0.009494	0.009866
Oct 12, 2016	0.011703	0.012020	0.011266	0.011397
Oct 11, 2016	0.011847	0.012247	0.011327	0.011690
Oct 10, 2016	0.012083	0.012228	0.011391	0.011899
Oct 09, 2016	0.011504	0.012499	0.011501	0.012086
Oct 08, 2016	0.012694	0.012858	0.011434	0.011500
Oct 07, 2016	0.012956	0.013593	0.012396	0.012672
Oct 06, 2016	0.011484	0.013658	0.011027	0.013074
Oct 05, 2016	0.012641	0.012641	0.010981	0.011540
Oct 04, 2016	0.010477	0.013499	0.010260	0.012747
Oct 03, 2016	0.011197	0.011361	0.010407	0.010477
Oct 02, 2016	0.011615	0.012066	0.011128	0.011192
Oct 01, 2016	0.012159	0.012593	0.011238	0.011557
Sep 30, 2016	0.012805	0.015371	0.012111	0.012146
Sep 29, 2016	0.013596	0.013775	0.012343	0.012835
Sep 28, 2016	0.014439	0.014490	0.013352	0.013583
Sep 27, 2016	0.015041	0.015041	0.014107	0.014400
Sep 26, 2016	0.016177	0.016239	0.014894	0.015034
Sep 25, 2016	0.015211	0.016351	0.015147	0.016180
Sep 24, 2016	0.015358	0.015492	0.015109	0.015271
Sep 23, 2016	0.016076	0.016123	0.015246	0.015359
Sep 22, 2016	0.016220	0.016896	0.015495	0.016083
Sep 21, 2016	0.015287	0.016828	0.014877	0.016298
Sep 20, 2016	0.016710	0.016736	0.014345	0.015336
Sep 19, 2016	0.017290	0.017549	0.016132	0.016690
Sep 18, 2016	0.018062	0.018352	0.017058	0.017213
Sep 17, 2016	0.018008	0.018909	0.017684	0.018094
Sep 16, 2016	0.020059	0.020155	0.017942	0.018111
Sep 15, 2016	0.019871	0.020895	0.019861	0.020093
Sep 14, 2016	0.019971	0.020318	0.019726	0.019886
Sep 13, 2016	0.020031	0.020592	0.019847	0.020054
Sep 12, 2016	0.019865	0.020836	0.019536	0.020030
Sep 11, 2016	0.020790	0.020941	0.019315	0.019888
Sep 10, 2016	0.020404	0.021210	0.020234	0.020751
Sep 09, 2016	0.021108	0.021450	0.020240	0.020501
Sep 08, 2016	0.021470	0.022498	0.020491	0.021140
Sep 07, 2016	0.021968	0.022906	0.021321	0.021470
Sep 06, 2016	0.020483	0.026370	0.019461	0.021989
Sep 05, 2016	0.020103	0.021724	0.019876	0.020470
Sep 04, 2016	0.021248	0.021810	0.019687	0.019959
Sep 03, 2016	0.022318	0.022390	0.020733	0.021362
Sep 02, 2016	0.023086	0.023099	0.022168	0.022235
Sep 01, 2016	0.022980	0.023311	0.022325	0.023075
Aug 31, 2016	0.024427	0.025866	0.022386	0.022974
Aug 30, 2016	0.022922	0.026849	0.022314	0.024583
Aug 29, 2016	0.022118	0.022765	0.021260	0.022756
Aug 28, 2016	0.023093	0.023675	0.021956	0.022044
Aug 27, 2016	0.023048	0.024589	0.022835	0.023099
Aug 26, 2016	0.024696	0.024696	0.022685	0.022972
Aug 25, 2016	0.021479	0.025470	0.020823	0.024653
Aug 24, 2016	0.022461	0.022461	0.020689	0.021514
Aug 23, 2016	0.023932	0.023932	0.021458	0.022492
Aug 22, 2016	0.026911	0.026985	0.023403	0.023980
Aug 21, 2016	0.027895	0.027903	0.026486	0.026899
Aug 20, 2016	0.027355	0.027993	0.026176	0.027896
Aug 19, 2016	0.027976	0.028391	0.026975	0.027330
Aug 18, 2016	0.029267	0.029267	0.026821	0.027902
Aug 17, 2016	0.029234	0.029510	0.028681	0.028916
Aug 16, 2016	0.028559	0.029541	0.027854	0.029224
Aug 15, 2016	0.029392	0.029439	0.028323	0.028435
Aug 14, 2016	0.029105	0.029520	0.028025	0.029478
Aug 13, 2016	0.029615	0.030069	0.028576	0.029102
Aug 12, 2016	0.029927	0.030284	0.029385	0.029531
Aug 11, 2016	0.030863	0.031019	0.029351	0.029939
Aug 10, 2016	0.030818	0.032485	0.030253	0.030975
Aug 09, 2016	0.029264	0.031999	0.029169	0.030967
Aug 08, 2016	0.028370	0.030262	0.028065	0.029246
Aug 07, 2016	0.029577	0.031016	0.027576	0.028376
Aug 06, 2016	0.030127	0.031242	0.028942	0.029641
Aug 05, 2016	0.032656	0.032690	0.027599	0.030353
Aug 04, 2016	0.025269	0.033265	0.025097	0.032630
Aug 03, 2016	0.023620	0.027104	0.023429	0.025305
Aug 02, 2016	0.027037	0.027269	0.022382	0.023292
Aug 01, 2016	0.026858	0.028637	0.026555	0.026984
Jul 31, 2016	0.028846	0.028846	0.026561	0.026878
Jul 30, 2016	0.026670	0.028933	0.026670	0.028619
Jul 29, 2016	0.025836	0.026941	0.025763	0.026732
Jul 28, 2016	0.025729	0.026835	0.025634	0.025761
Jul 27, 2016	0.025559	0.026737	0.024819	0.025712
Jul 26, 2016	0.027730	0.027828	0.024734	0.025605
Jul 25, 2016	0.026819	0.029189	0.026262	0.027791
Jul 24, 2016	0.028896	0.029507	0.025046	0.026829
Jul 23, 2016	0.024608	0.030069	0.024505	0.029216
Jul 22, 2016	0.024225	0.024829	0.023338	0.024829
Jul 21, 2016	0.024058	0.024490	0.023339	0.024226
Jul 20, 2016	0.023256	0.024120	0.022989	0.024082
Jul 19, 2016	0.025398	0.025515	0.023189	0.023257
Jul 18, 2016	0.025331	0.025820	0.024023	0.025404
Jul 17, 2016	0.026565	0.026796	0.023822	0.025320
Jul 16, 2016	0.028640	0.028805	0.026068	0.026588
Jul 15, 2016	0.027845	0.029084	0.027631	0.028629
Jul 14, 2016	0.029002	0.031517	0.025983	0.027499
Jul 13, 2016	0.029918	0.032763	0.026946	0.028940
Jul 12, 2016	0.031892	0.034890	0.028067	0.030084
Jul 11, 2016	0.020369	0.032146	0.019719	0.030988
Jul 10, 2016	0.019700	0.021113	0.018905	0.020354
Jul 09, 2016	0.021022	0.021028	0.018368	0.019601
Jul 08, 2016	0.017602	0.021802	0.017531	0.021013
Jul 07, 2016	0.021413	0.021448	0.016262	0.017631
Jul 06, 2016	0.020334	0.022081	0.020147	0.021458
Jul 05, 2016	0.022461	0.022532	0.020400	0.020400
Jul 04, 2016	0.021294	0.022653	0.020654	0.022421
Jul 03, 2016	0.023045	0.023429	0.020568	0.021340
Jul 02, 2016	0.020333	0.024541	0.019271	0.023086
Jul 01, 2016	0.022537	0.024776	0.019476	0.020339
Jun 30, 2016	0.024539	0.024985	0.021036	0.022428
Jun 29, 2016	0.024437	0.028985	0.020939	0.024307
Jun 28, 2016	0.022141	0.029610	0.021060	0.024378
Jun 27, 2016	0.017564	0.022651	0.016019	0.022188
Jun 26, 2016	0.015027	0.019798	0.014695	0.017744
Jun 25, 2016	0.010903	0.014893	0.010896	0.014893
Jun 24, 2016	0.011103	0.011470	0.010264	0.010897
Jun 23, 2016	0.010032	0.011172	0.008920	0.011093
Jun 22, 2016	0.011408	0.012804	0.009710	0.009891
Jun 21, 2016	0.011787	0.014054	0.009876	0.011415
Jun 20, 2016	0.010098	0.013137	0.009233	0.011795
Jun 19, 2016	0.008558	0.010691	0.008162	0.009759
Jun 18, 2016	0.008100	0.008687	0.007981	0.008558
Jun 17, 2016	0.008043	0.008379	0.007820	0.008101
Jun 16, 2016	0.007806	0.008056	0.007660	0.008036
Jun 15, 2016	0.007916	0.008236	0.007658	0.007898
Jun 14, 2016	0.007154	0.008177	0.007029	0.007822
Jun 13, 2016	0.007763	0.008000	0.006978	0.007162
Jun 12, 2016	0.007385	0.007757	0.007149	0.007757
Jun 11, 2016	0.007374	0.007421	0.007053	0.007357
Jun 10, 2016	0.006948	0.007663	0.006859	0.007376
Jun 09, 2016	0.006999	0.007063	0.006593	0.006958
Jun 08, 2016	0.007107	0.007112	0.006854	0.007003
Jun 07, 2016	0.007202	0.007258	0.006883	0.007102
Jun 06, 2016	0.007223	0.007421	0.006998	0.007185
Jun 05, 2016	0.007191	0.007735	0.007110	0.007203
Jun 04, 2016	0.007084	0.007270	0.006904	0.007187
Jun 03, 2016	0.007270	0.007709	0.007024	0.007079
Jun 02, 2016	0.006777	0.007526	0.006707	0.007264
Jun 01, 2016	0.006556	0.006870	0.006194	0.006787
May 31, 2016	0.006265	0.006677	0.006264	0.006557
May 30, 2016	0.006734	0.006736	0.006270	0.006270
May 29, 2016	0.006099	0.006824	0.006074	0.006685
May 28, 2016	0.006299	0.006665	0.005803	0.006121
May 27, 2016	0.006059	0.006499	0.006059	0.006292
May 26, 2016	0.006167	0.006418	0.006011	0.006059
May 25, 2016	0.006772	0.006783	0.005842	0.006160
May 24, 2016	0.006855	0.007485	0.006612	0.006773
May 23, 2016	0.006020	0.007183	0.005762	0.006877
May 22, 2016	0.006165	0.006240	0.005986	0.006005
May 21, 2016	0.006115	0.006234	0.006068	0.006138
May 20, 2016	0.006238	0.006321	0.006099	0.006112
May 19, 2016	0.006488	0.006528	0.006234	0.006234
May 18, 2016	0.006251	0.006515	0.006209	0.006458
May 17, 2016	0.006256	0.006319	0.006092	0.006253
May 16, 2016	0.006307	0.006416	0.006218	0.006257
May 15, 2016	0.006450	0.006497	0.006250	0.006308
May 14, 2016	0.006355	0.006484	0.006330	0.006426
May 13, 2016	0.006570	0.006628	0.006291	0.006355
May 12, 2016	0.006532	0.006665	0.006464	0.006569
May 11, 2016	0.006537	0.006658	0.006360	0.006532
May 10, 2016	0.006673	0.006733	0.006405	0.006534
May 09, 2016	0.006750	0.006783	0.006647	0.006673
May 08, 2016	0.006755	0.006886	0.006656	0.006751
May 07, 2016	0.006871	0.006871	0.006695	0.006755
May 06, 2016	0.006771	0.006951	0.006679	0.006867
May 05, 2016	0.006839	0.006896	0.006672	0.006771
May 04, 2016	0.006914	0.006914	0.006730	0.006839
May 03, 2016	0.006799	0.007070	0.006774	0.006916
May 02, 2016	0.006950	0.007015	0.006797	0.006799
May 01, 2016	0.006999	0.007183	0.006874	0.006944
Apr 30, 2016	0.007121	0.007255	0.006998	0.006999
Apr 29, 2016	0.006801	0.007222	0.006767	0.007118
Apr 28, 2016	0.006902	0.007026	0.006611	0.006802
Apr 27, 2016	0.006980	0.007064	0.006833	0.006896
Apr 26, 2016	0.007212	0.007254	0.006905	0.006980
Apr 25, 2016	0.007066	0.007218	0.007008	0.007157
Apr 24, 2016	0.007092	0.007249	0.007003	0.007063
Apr 23, 2016	0.006984	0.007230	0.006984	0.007076
Apr 22, 2016	0.007071	0.007166	0.006904	0.006986
Apr 21, 2016	0.007286	0.007322	0.007052	0.007091
Apr 20, 2016	0.007321	0.007348	0.007071	0.007279
Apr 19, 2016	0.007158	0.007358	0.007036	0.007318
Apr 18, 2016	0.006947	0.007251	0.006890	0.007166
Apr 17, 2016	0.006979	0.007071	0.006859	0.006941
Apr 16, 2016	0.007047	0.007109	0.006845	0.006964
Apr 15, 2016	0.007034	0.007246	0.007011	0.007049
Apr 14, 2016	0.006943	0.007220	0.006865	0.007011
Apr 13, 2016	0.007358	0.007587	0.006486	0.006886
Apr 12, 2016	0.007603	0.007603	0.007190	0.007360
Apr 11, 2016	0.007520	0.007693	0.007331	0.007595
Apr 10, 2016	0.007813	0.007872	0.007215	0.007518
Apr 09, 2016	0.008146	0.008146	0.007588	0.007806
Apr 08, 2016	0.008068	0.008145	0.007968	0.008145
Apr 07, 2016	0.008107	0.008146	0.007975	0.008055
Apr 06, 2016	0.008230	0.008296	0.008060	0.008104
Apr 05, 2016	0.008346	0.008394	0.008194	0.008236
Apr 04, 2016	0.008157	0.008396	0.008138	0.008370
Apr 03, 2016	0.008253	0.008342	0.008062	0.008151
Apr 02, 2016	0.007922	0.008334	0.007795	0.008252
Apr 01, 2016	0.008196	0.008234	0.007722	0.007921
Mar 31, 2016	0.007983	0.008208	0.007795	0.008184
Mar 30, 2016	0.008104	0.008175	0.007548	0.007975
Mar 29, 2016	0.008282	0.008418	0.007727	0.008153
Mar 28, 2016	0.007826	0.008938	0.007733	0.008234
Mar 27, 2016	0.007914	0.008092	0.007641	0.007826
Mar 26, 2016	0.008091	0.008197	0.006845	0.007962
Mar 25, 2016	0.008071	0.008146	0.007874	0.008079
Mar 24, 2016	0.008622	0.008622	0.008030	0.008154
Mar 23, 2016	0.008402	0.008786	0.007813	0.008624
Mar 22, 2016	0.008187	0.008520	0.008187	0.008341
Mar 21, 2016	0.008282	0.008303	0.008079	0.008192
Mar 20, 2016	0.007889	0.008401	0.007799	0.008226
Mar 19, 2016	0.007959	0.008392	0.007795	0.007867
Mar 18, 2016	0.008220	0.008359	0.007832	0.007834
Mar 17, 2016	0.008229	0.008742	0.008161	0.008220
Mar 16, 2016	0.008428	0.008440	0.007985	0.008197
Mar 15, 2016	0.008521	0.008888	0.008241	0.008429
Mar 14, 2016	0.009028	0.009125	0.008421	0.008512
Mar 13, 2016	0.009306	0.009405	0.008885	0.009034
Mar 12, 2016	0.009397	0.009987	0.009097	0.009303
Mar 11, 2016	0.008622	0.009795	0.008618	0.009399
Mar 10, 2016	0.008358	0.008767	0.007882	0.008701
Mar 09, 2016	0.008667	0.008741	0.007843	0.008392
Mar 08, 2016	0.007502	0.009147	0.007434	0.008668
Mar 07, 2016	0.007402	0.007606	0.007280	0.007506
Mar 06, 2016	0.007092	0.007714	0.007007	0.007398
Mar 05, 2016	0.007222	0.007384	0.006947	0.007042
Mar 04, 2016	0.007484	0.007639	0.007191	0.007227
Mar 03, 2016	0.006915	0.007713	0.006857	0.007484
Mar 02, 2016	0.006977	0.007131	0.006826	0.006926
Mar 01, 2016	0.007363	0.007489	0.006875	0.006975
Feb 29, 2016	0.007550	0.007700	0.007147	0.007368
Feb 28, 2016	0.007531	0.007768	0.007065	0.007470
Feb 27, 2016	0.007393	0.007831	0.006945	0.007522
Feb 26, 2016	0.007646	0.007731	0.007439	0.007499
Feb 25, 2016	0.008064	0.008080	0.007462	0.007636
Feb 24, 2016	0.007748	0.008111	0.007594	0.008035
Feb 23, 2016	0.008065	0.008255	0.007605	0.007767
Feb 22, 2016	0.008256	0.008356	0.007998	0.008059
Feb 21, 2016	0.008562	0.008709	0.008186	0.008249
Feb 20, 2016	0.008684	0.008728	0.008424	0.008558
Feb 19, 2016	0.008660	0.008822	0.008287	0.008685
Feb 18, 2016	0.008708	0.008960	0.008350	0.008648
Feb 17, 2016	0.008990	0.009515	0.008709	0.008709
Feb 16, 2016	0.009122	0.009330	0.008935	0.008998
Feb 15, 2016	0.009609	0.009638	0.009072	0.009130
Feb 14, 2016	0.008942	0.009781	0.008942	0.009566
Feb 13, 2016	0.009272	0.009274	0.008738	0.008932
Feb 12, 2016	0.008136	0.009318	0.008096	0.009318
Feb 11, 2016	0.008204	0.008542	0.008050	0.008129
Feb 10, 2016	0.008311	0.008448	0.007910	0.008207
Feb 09, 2016	0.008348	0.008620	0.008232	0.008385
Feb 08, 2016	0.008762	0.008860	0.008235	0.008347
Feb 07, 2016	0.008487	0.008992	0.008328	0.008757
Feb 06, 2016	0.008688	0.008944	0.008419	0.008486
Feb 05, 2016	0.008405	0.008897	0.008271	0.008696
Feb 04, 2016	0.008157	0.008448	0.007988	0.008371
Feb 03, 2016	0.007933	0.008239	0.007820	0.008151
Feb 02, 2016	0.007999	0.008186	0.007871	0.007927
Feb 01, 2016	0.008204	0.008392	0.007919	0.008003
Jan 31, 2016	0.008220	0.008520	0.008077	0.008191
Jan 30, 2016	0.008745	0.009438	0.008181	0.008211
Jan 29, 2016	0.009128	0.009128	0.007715	0.008742
Jan 28, 2016	0.011824	0.012900	0.008972	0.009121
Jan 27, 2016	0.008626	0.012671	0.008613	0.012029
Jan 26, 2016	0.007657	0.009170	0.007396	0.008625
Jan 25, 2016	0.007323	0.007844	0.007070	0.007659
Jan 24, 2016	0.007697	0.008283	0.007085	0.007325
Jan 23, 2016	0.007226	0.007730	0.006912	0.007696
Jan 22, 2016	0.006843	0.008011	0.006640	0.007118
Jan 21, 2016	0.007122	0.007137	0.006638	0.006837
Jan 20, 2016	0.006952	0.007286	0.006629	0.007128
Jan 19, 2016	0.006615	0.007004	0.006401	0.006940
Jan 18, 2016	0.006990	0.007015	0.006457	0.006460
Jan 17, 2016	0.007106	0.007256	0.006835	0.006991
Jan 16, 2016	0.007068	0.007476	0.006699	0.007110
Jan 15, 2016	0.008299	0.008299	0.006916	0.007073
Jan 14, 2016	0.009008	0.009465	0.008122	0.008470
Jan 13, 2016	0.006789	0.009183	0.006678	0.008991
Jan 12, 2016	0.006458	0.007220	0.006378	0.006788
Jan 11, 2016	0.006406	0.006543	0.006338	0.006459
Jan 10, 2016	0.006808	0.006818	0.006354	0.006400
Jan 09, 2016	0.006468	0.007055	0.006425	0.006807
Jan 08, 2016	0.006563	0.006634	0.006269	0.006464
Jan 07, 2016	0.006433	0.006625	0.006371	0.006565
Jan 06, 2016	0.006405	0.006493	0.006226	0.006426
Jan 05, 2016	0.006608	0.007681	0.006336	0.006406
Jan 04, 2016	0.006869	0.007030	0.006544	0.006644
Jan 03, 2016	0.007188	0.007691	0.006824	0.006864
Jan 02, 2016	0.006740	0.007317	0.006609	0.007198
Jan 01, 2016	0.006724	0.007037	0.006580	0.006678
Dec 31, 2015	0.006784	0.006941	0.006427	0.006723
Dec 30, 2015	0.006897	0.007682	0.006747	0.006788
Dec 29, 2015	0.006674	0.007018	0.006375	0.006890
Dec 28, 2015	0.006364	0.006810	0.006344	0.006664
Dec 27, 2015	0.006230	0.006619	0.006074	0.006436
Dec 26, 2015	0.006524	0.006534	0.006017	0.006232
Dec 25, 2015	0.006478	0.006539	0.006280	0.006521
Dec 24, 2015	0.006062	0.006615	0.006055	0.006443
Dec 23, 2015	0.006088	0.006225	0.005971	0.006054
Dec 22, 2015	0.006085	0.006241	0.005993	0.006097
Dec 21, 2015	0.006145	0.006286	0.005939	0.006073
Dec 20, 2015	0.006583	0.006598	0.005958	0.006303
Dec 19, 2015	0.006523	0.006733	0.006463	0.006583
Dec 18, 2015	0.006493	0.006602	0.006317	0.006524
Dec 17, 2015	0.006412	0.006560	0.006280	0.006485
Dec 16, 2015	0.006514	0.006907	0.006342	0.006410
Dec 15, 2015	0.006232	0.006586	0.006135	0.006510
Dec 14, 2015	0.006425	0.006494	0.006211	0.006224
Dec 13, 2015	0.006695	0.006695	0.006398	0.006431
Dec 12, 2015	0.006944	0.007114	0.006392	0.006697
Dec 11, 2015	0.006606	0.006962	0.006520	0.006937
Dec 10, 2015	0.006744	0.006854	0.006510	0.006592
Dec 09, 2015	0.006538	0.007022	0.006404	0.007007
Dec 08, 2015	0.006264	0.006632	0.006126	0.006568
Dec 07, 2015	0.006411	0.006523	0.006233	0.006249
Dec 06, 2015	0.006355	0.006552	0.006213	0.006438
Dec 05, 2015	0.006178	0.006518	0.006162	0.006357
Dec 04, 2015	0.005956	0.006214	0.005915	0.006171
Dec 03, 2015	0.005943	0.006120	0.005729	0.005953
Dec 02, 2015	0.006057	0.006230	0.005872	0.005948
Dec 01, 2015	0.006050	0.006102	0.005765	0.006055
Nov 30, 2015	0.006058	0.006325	0.005786	0.006045
Nov 29, 2015	0.006092	0.006248	0.005822	0.006056
Nov 28, 2015	0.006259	0.006274	0.006052	0.006098
Nov 27, 2015	0.006586	0.006586	0.006182	0.006261
Nov 26, 2015	0.006122	0.006637	0.006013	0.006617
Nov 25, 2015	0.005818	0.006168	0.005771	0.006122
Nov 24, 2015	0.005924	0.006083	0.005705	0.005817
Nov 23, 2015	0.006058	0.006110	0.005833	0.005907
Nov 22, 2015	0.006092	0.006106	0.005913	0.006049
Nov 21, 2015	0.006071	0.006192	0.005950	0.006086
Nov 20, 2015	0.006118	0.006140	0.005888	0.006026
Nov 19, 2015	0.006241	0.007117	0.006122	0.006122
Nov 18, 2015	0.006232	0.006490	0.006150	0.006231
Nov 17, 2015	0.006283	0.006384	0.006192	0.006255
Nov 16, 2015	0.006459	0.006469	0.006156	0.006275
Nov 15, 2015	0.006423	0.006503	0.006215	0.006431
Nov 14, 2015	0.006518	0.006530	0.006366	0.006414
Nov 13, 2015	0.006691	0.006697	0.006368	0.006514
Nov 12, 2015	0.006285	0.007229	0.006209	0.006683
Nov 11, 2015	0.006669	0.006705	0.005944	0.006281
Nov 10, 2015	0.006664	0.007032	0.006479	0.006651
Nov 09, 2015	0.006376	0.006809	0.006208	0.006682
Nov 08, 2015	0.006998	0.007111	0.006329	0.006362
Nov 07, 2015	0.007167	0.007678	0.006848	0.006848
Nov 06, 2015	0.007544	0.007653	0.007039	0.007162
Nov 05, 2015	0.007712	0.008319	0.007240	0.007552
Nov 04, 2015	0.008458	0.009688	0.007130	0.007704
Nov 03, 2015	0.007823	0.008623	0.007598	0.008429
Nov 02, 2015	0.007597	0.008029	0.007343	0.007821
Nov 01, 2015	0.007222	0.007796	0.007222	0.007625
Oct 31, 2015	0.007985	0.008072	0.007047	0.007199
Oct 30, 2015	0.008127	0.008429	0.007624	0.007762
Oct 29, 2015	0.007267	0.008138	0.007148	0.008125
Oct 28, 2015	0.007124	0.007414	0.007049	0.007265
Oct 27, 2015	0.007057	0.007426	0.006888	0.007125
Oct 26, 2015	0.007354	0.007414	0.006760	0.007035
Oct 25, 2015	0.007496	0.007582	0.007171	0.007343
Oct 24, 2015	0.007455	0.007552	0.007146	0.007493
Oct 23, 2015	0.007881	0.007982	0.007429	0.007453
Oct 22, 2015	0.007375	0.007930	0.007375	0.007823
Oct 21, 2015	0.006893	0.007433	0.006853	0.007383
Oct 20, 2015	0.007182	0.007352	0.006728	0.006889
Oct 19, 2015	0.007169	0.007279	0.006979	0.007209
Oct 18, 2015	0.007386	0.007439	0.007014	0.007052
Oct 17, 2015	0.007623	0.007835	0.007106	0.007384
Oct 16, 2015	0.007553	0.007747	0.007288	0.007630
Oct 15, 2015	0.007860	0.008145	0.007535	0.007536
Oct 14, 2015	0.008025	0.008187	0.007422	0.007852
Oct 13, 2015	0.007633	0.008015	0.007464	0.008015
Oct 12, 2015	0.007743	0.008054	0.007582	0.007629
Oct 11, 2015	0.007994	0.008222	0.007627	0.007744
Oct 10, 2015	0.008000	0.008118	0.007749	0.007996
Oct 09, 2015	0.008043	0.008201	0.007990	0.008002
Oct 08, 2015	0.008302	0.008323	0.008011	0.008056
Oct 07, 2015	0.008413	0.008650	0.008243	0.008287
Oct 06, 2015	0.008223	0.008580	0.008166	0.008407
Oct 05, 2015	0.008108	0.008306	0.007972	0.008181
Oct 04, 2015	0.008328	0.008351	0.008062	0.008106
Oct 03, 2015	0.008204	0.008356	0.008141	0.008333
Oct 02, 2015	0.008260	0.008374	0.008166	0.008202
Oct 01, 2015	0.008194	0.008377	0.008118	0.008262
Sep 30, 2015	0.008325	0.008483	0.008150	0.008176
Sep 29, 2015	0.008995	0.009051	0.008277	0.008323
Sep 28, 2015	0.009043	0.009101	0.008950	0.009037
Sep 27, 2015	0.008990	0.009056	0.008760	0.009042
Sep 26, 2015	0.008786	0.009239	0.008639	0.008994
Sep 25, 2015	0.008756	0.008869	0.008534	0.008804
Sep 24, 2015	0.009206	0.009329	0.008624	0.008709
Sep 23, 2015	0.008839	0.009529	0.008755	0.009305
Sep 22, 2015	0.008453	0.009029	0.008286	0.008838
Sep 21, 2015	0.008405	0.008514	0.008202	0.008449
Sep 20, 2015	0.008484	0.008639	0.008332	0.008392
Sep 19, 2015	0.008233	0.008493	0.008149	0.008483
Sep 18, 2015	0.008265	0.008449	0.008196	0.008232
Sep 17, 2015	0.008217	0.008346	0.008150	0.008260
Sep 16, 2015	0.008123	0.008241	0.007931	0.008222
Sep 15, 2015	0.008226	0.008871	0.007983	0.008122
Sep 14, 2015	0.008064	0.008237	0.007965	0.008205
Sep 13, 2015	0.008082	0.008270	0.007978	0.008077
Sep 12, 2015	0.008493	0.008591	0.008072	0.008081
Sep 11, 2015	0.008575	0.008607	0.008254	0.008483
Sep 10, 2015	0.008448	0.008602	0.008388	0.008558
Sep 09, 2015	0.008501	0.009014	0.008252	0.008445
Sep 08, 2015	0.008489	0.008653	0.008356	0.008501
Sep 07, 2015	0.008571	0.008628	0.008421	0.008494
Sep 06, 2015	0.008041	0.008791	0.008013	0.008569
Sep 05, 2015	0.008018	0.008168	0.007940	0.008030
Sep 04, 2015	0.007880	0.008055	0.007880	0.008027
Sep 03, 2015	0.008291	0.008338	0.007749	0.007875
Sep 02, 2015	0.008050	0.008378	0.007981	0.008289
Sep 01, 2015	0.008142	0.008211	0.008016	0.008048
Aug 31, 2015	0.008079	0.008194	0.007951	0.008137
Aug 30, 2015	0.008322	0.008362	0.007925	0.008071
Aug 29, 2015	0.008124	0.008379	0.007922	0.008348
Aug 28, 2015	0.008316	0.008316	0.007955	0.008121
Aug 27, 2015	0.008350	0.008422	0.008110	0.008307
Aug 26, 2015	0.008271	0.008509	0.008206	0.008350
Aug 25, 2015	0.007800	0.008451	0.007608	0.008272
Aug 24, 2015	0.008478	0.008587	0.007797	0.007833
Aug 23, 2015	0.008661	0.008724	0.008367	0.008483
Aug 22, 2015	0.008791	0.008929	0.008418	0.008654
Aug 21, 2015	0.008797	0.009011	0.008575	0.008792
Aug 20, 2015	0.008291	0.008967	0.008291	0.008799
Aug 19, 2015	0.007828	0.008635	0.007828	0.008313
Aug 18, 2015	0.008974	0.009276	0.007895	0.007895
Aug 17, 2015	0.009826	0.009834	0.008540	0.008982
Aug 16, 2015	0.009765	0.009891	0.009263	0.009823
Aug 15, 2015	0.009997	0.010088	0.009746	0.009746
Aug 14, 2015	0.010088	0.010177	0.009826	0.010033
Aug 13, 2015	0.010244	0.010326	0.009836	0.010086
Aug 12, 2015	0.010353	0.010366	0.010013	0.010229
Aug 11, 2015	0.010124	0.010280	0.009932	0.010280
Aug 10, 2015	0.010380	0.010675	0.010120	0.010125
Aug 09, 2015	0.010934	0.011123	0.010027	0.010362
Aug 08, 2015	0.011351	0.011564	0.010615	0.010928
Aug 07, 2015	0.010704	0.011387	0.010522	0.011324
Aug 06, 2015	0.010629	0.010809	0.010537	0.010707
Aug 05, 2015	0.010803	0.010886	0.010588	0.010629
Aug 04, 2015	0.010715	0.011046	0.010665	0.010819
Aug 03, 2015	0.011085	0.011250	0.010745	0.010747
Aug 02, 2015	0.011163	0.011163	0.010716	0.011089
Aug 01, 2015	0.011548	0.011618	0.010932	0.011195
Jul 31, 2015	0.011951	0.012061	0.011333	0.011545
Jul 30, 2015	0.011774	0.012228	0.011752	0.012058
Jul 29, 2015	0.012219	0.012342	0.011532	0.011769
Jul 28, 2015	0.012513	0.012880	0.012080	0.012226
Jul 27, 2015	0.012883	0.012883	0.012315	0.012515
Jul 26, 2015	0.012797	0.012900	0.012458	0.012882
Jul 25, 2015	0.013054	0.013244	0.012714	0.012787
Jul 24, 2015	0.012541	0.013047	0.012221	0.013047
Jul 23, 2015	0.012292	0.012540	0.012232	0.012540
Jul 22, 2015	0.012452	0.012511	0.012266	0.012285
Jul 21, 2015	0.012575	0.012742	0.012427	0.012464
Jul 20, 2015	0.012666	0.012847	0.012466	0.012561
Jul 19, 2015	0.012729	0.012918	0.012567	0.012650
Jul 18, 2015	0.012556	0.013055	0.012451	0.012720
Jul 17, 2015	0.012622	0.013030	0.012332	0.012611
Jul 16, 2015	0.013246	0.013313	0.012072	0.012622
Jul 15, 2015	0.013976	0.014056	0.012747	0.012934
Jul 14, 2015	0.013988	0.014320	0.013860	0.013957
Jul 13, 2015	0.014645	0.014691	0.013655	0.014004
Jul 12, 2015	0.014909	0.015211	0.014215	0.014659
Jul 11, 2015	0.015056	0.015104	0.014163	0.014913
Jul 10, 2015	0.015367	0.017318	0.014692	0.015119
Jul 09, 2015	0.014910	0.015100	0.014068	0.015096
Jul 08, 2015	0.015351	0.015620	0.014459	0.014912
Jul 07, 2015	0.012440	0.016897	0.012407	0.015192
Jul 06, 2015	0.013128	0.013128	0.012442	0.012444
Jul 05, 2015	0.013098	0.013226	0.012396	0.013126
Jul 04, 2015	0.012552	0.013271	0.012169	0.013101
Jul 03, 2015	0.012565	0.012786	0.012301	0.012533
Jul 02, 2015	0.013196	0.013408	0.012550	0.012550
Jul 01, 2015	0.012866	0.013438	0.012279	0.013182
Jun 30, 2015	0.013096	0.013261	0.012648	0.012877
Jun 29, 2015	0.012057	0.013106	0.012034	0.013100
Jun 28, 2015	0.012525	0.012679	0.012012	0.012082
Jun 27, 2015	0.011745	0.012725	0.011713	0.012514
Jun 26, 2015	0.012333	0.012425	0.011723	0.011743
Jun 25, 2015	0.012047	0.012296	0.011583	0.012167
Jun 24, 2015	0.012998	0.013065	0.011980	0.012050
Jun 23, 2015	0.013834	0.013834	0.012853	0.012990
Jun 22, 2015	0.013619	0.013989	0.013480	0.013834
Jun 21, 2015	0.014123	0.014445	0.013288	0.013625
Jun 20, 2015	0.014101	0.014401	0.012962	0.014384
Jun 19, 2015	0.014121	0.014922	0.013579	0.014051
Jun 18, 2015	0.013640	0.014385	0.012846	0.014119
Jun 17, 2015	0.013353	0.015713	0.013253	0.013637
Jun 16, 2015	0.011844	0.013799	0.011822	0.013562
Jun 15, 2015	0.011736	0.012084	0.011488	0.011854
Jun 14, 2015	0.011685	0.011943	0.011280	0.011737
Jun 13, 2015	0.011186	0.011780	0.011070	0.011685
Jun 12, 2015	0.011207	0.011324	0.011087	0.011180
Jun 11, 2015	0.011235	0.011316	0.011020	0.011198
Jun 10, 2015	0.011345	0.011382	0.010941	0.011234
Jun 09, 2015	0.011428	0.011553	0.011197	0.011318
Jun 08, 2015	0.011083	0.011464	0.010869	0.011408
Jun 07, 2015	0.011421	0.011442	0.010926	0.011114
Jun 06, 2015	0.011478	0.011556	0.011211	0.011423
Jun 05, 2015	0.011268	0.011515	0.011006	0.011475
Jun 04, 2015	0.011247	0.011404	0.011021	0.011275
Jun 03, 2015	0.011568	0.011589	0.010803	0.011259
Jun 02, 2015	0.010640	0.011695	0.010489	0.011463
Jun 01, 2015	0.011065	0.011386	0.010605	0.010641
May 31, 2015	0.011558	0.011773	0.010981	0.011084
May 30, 2015	0.012309	0.012417	0.010723	0.011549
May 29, 2015	0.011961	0.013537	0.011901	0.012316
May 28, 2015	0.011902	0.012001	0.011532	0.011895
May 27, 2015	0.011618	0.012140	0.011616	0.011912
May 26, 2015	0.011403	0.011714	0.011161	0.011621
May 25, 2015	0.011876	0.012054	0.011224	0.011401
May 24, 2015	0.011880	0.012142	0.011540	0.011947
May 23, 2015	0.012104	0.012946	0.011789	0.011889
May 22, 2015	0.011140	0.012189	0.010952	0.012126
May 21, 2015	0.011146	0.011234	0.010843	0.011032
May 20, 2015	0.010830	0.011281	0.010672	0.011125
May 19, 2015	0.009131	0.011382	0.009061	0.010816
May 18, 2015	0.009209	0.009865	0.008923	0.009081
May 17, 2015	0.009341	0.009435	0.009094	0.009262
May 16, 2015	0.009261	0.009521	0.009172	0.009348
May 15, 2015	0.009106	0.009287	0.008992	0.009263
May 14, 2015	0.008990	0.009296	0.008974	0.009160
May 13, 2015	0.009326	0.009361	0.008849	0.008994
May 12, 2015	0.008461	0.009747	0.008443	0.009337
May 11, 2015	0.008343	0.008716	0.008069	0.008453
May 10, 2015	0.008738	0.009061	0.007920	0.008339
May 09, 2015	0.009177	0.009281	0.008475	0.008741
May 08, 2015	0.008964	0.009288	0.008767	0.009183
May 07, 2015	0.008807	0.009116	0.008689	0.008957
May 06, 2015	0.009006	0.009023	0.008781	0.008808
May 05, 2015	0.009246	0.009251	0.008897	0.009014
May 04, 2015	0.009433	0.009538	0.009119	0.009237
May 03, 2015	0.009303	0.009569	0.009172	0.009271
May 02, 2015	0.009212	0.009411	0.009208	0.009307
May 01, 2015	0.009397	0.009482	0.009226	0.009226
Apr 30, 2015	0.009044	0.009483	0.008977	0.009393
Apr 29, 2015	0.008989	0.009217	0.008817	0.008989
Apr 28, 2015	0.009217	0.009240	0.008676	0.009000
Apr 27, 2015	0.008912	0.009256	0.008765	0.009225
Apr 26, 2015	0.009686	0.009702	0.008746	0.008896
Apr 25, 2015	0.009698	0.009802	0.009552	0.009695
Apr 24, 2015	0.009734	0.009747	0.009525	0.009696
Apr 23, 2015	0.009276	0.009743	0.009248	0.009743
Apr 22, 2015	0.009538	0.009556	0.009252	0.009274
Apr 21, 2015	0.009172	0.010200	0.009083	0.009512
Apr 20, 2015	0.008938	0.009328	0.008778	0.009161
Apr 19, 2015	0.009229	0.009340	0.008947	0.008947
Apr 18, 2015	0.009121	0.009328	0.009010	0.009235
Apr 17, 2015	0.009401	0.009576	0.009107	0.009127
Apr 16, 2015	0.009716	0.009814	0.009334	0.009386
Apr 15, 2015	0.009754	0.010004	0.009122	0.009706
Apr 14, 2015	0.010071	0.010104	0.009366	0.009742
Apr 13, 2015	0.010530	0.011056	0.009983	0.010079
Apr 12, 2015	0.010423	0.010649	0.010344	0.010525
Apr 11, 2015	0.010384	0.010649	0.010069	0.010427
Apr 10, 2015	0.010819	0.010951	0.010276	0.010377
Apr 09, 2015	0.011007	0.011069	0.010527	0.010847
Apr 08, 2015	0.011073	0.011263	0.010638	0.011000
Apr 07, 2015	0.010882	0.011367	0.010755	0.011080
Apr 06, 2015	0.011036	0.011189	0.010718	0.010887
Apr 05, 2015	0.010664	0.011209	0.010454	0.011024
Apr 04, 2015	0.010595	0.010906	0.010257	0.010670
Apr 03, 2015	0.010825	0.011115	0.010597	0.010597
Apr 02, 2015	0.010171	0.011024	0.010122	0.010823
Apr 01, 2015	0.009620	0.010241	0.009479	0.010190
Mar 31, 2015	0.010505	0.010554	0.009408	0.009861
Mar 30, 2015	0.010231	0.010627	0.010167	0.010527
Mar 29, 2015	0.010833	0.010833	0.010171	0.010272
Mar 28, 2015	0.010552	0.010865	0.010473	0.010835
Mar 27, 2015	0.010265	0.010836	0.010141	0.010552
Mar 26, 2015	0.010509	0.010822	0.010181	0.010264
Mar 25, 2015	0.010790	0.010936	0.010225	0.010530
Mar 24, 2015	0.011762	0.011783	0.010647	0.010793
Mar 23, 2015	0.011976	0.012261	0.010991	0.011715
Mar 22, 2015	0.012111	0.012263	0.011618	0.011979
Mar 21, 2015	0.012001	0.012208	0.011643	0.012152
Mar 20, 2015	0.011694	0.012072	0.011552	0.012072
Mar 19, 2015	0.011491	0.012160	0.011209	0.011714
Mar 18, 2015	0.012928	0.012991	0.011109	0.011502
Mar 17, 2015	0.013295	0.013324	0.012670	0.012920
Mar 16, 2015	0.013015	0.013649	0.012930	0.013291
Mar 15, 2015	0.013354	0.013699	0.012826	0.013019
Mar 14, 2015	0.013360	0.013475	0.012911	0.013444
Mar 13, 2015	0.013875	0.015681	0.013360	0.013393
Mar 12, 2015	0.014287	0.014484	0.013792	0.013886
Mar 11, 2015	0.014459	0.070081	0.013984	0.014285
Mar 10, 2015	0.014399	0.014773	0.013995	0.014455
Mar 09, 2015	0.014360	0.015035	0.013745	0.014367
Mar 08, 2015	0.014290	0.014911	0.014098	0.014303
Mar 07, 2015	0.013845	0.014545	0.013303	0.014259
Mar 06, 2015	0.013776	0.013868	0.013126	0.013834
Mar 05, 2015	0.013561	0.014087	0.013275	0.013732
Mar 04, 2015	0.014082	0.014306	0.013451	0.013542
Mar 03, 2015	0.014032	0.014287	0.013323	0.014116
Mar 02, 2015	0.013414	0.014029	0.013180	0.014021
Mar 01, 2015	0.013190	0.013844	0.012875	0.013381
Feb 28, 2015	0.013375	0.013430	0.012898	0.013187
Feb 27, 2015	0.012707	0.013648	0.012554	0.013500
Feb 26, 2015	0.012954	0.013369	0.012626	0.012686
Feb 25, 2015	0.012094	0.013698	0.012061	0.012980
Feb 24, 2015	0.012394	0.012799	0.011754	0.012145
Feb 23, 2015	0.010759	0.014042	0.010684	0.012213
Feb 22, 2015	0.011206	0.011380	0.010658	0.010759
Feb 21, 2015	0.011305	0.011605	0.011189	0.011202
Feb 20, 2015	0.010804	0.011450	0.010800	0.011318
Feb 19, 2015	0.010917	0.011491	0.010738	0.010830
Feb 18, 2015	0.011362	0.011792	0.010757	0.010956
Feb 17, 2015	0.011345	0.011916	0.011154	0.011352
Feb 16, 2015	0.010947	0.011547	0.010852	0.011386
Feb 15, 2015	0.012148	0.012455	0.010876	0.010960
Feb 14, 2015	0.011584	0.012324	0.011581	0.012165
Feb 13, 2015	0.011048	0.011845	0.011037	0.011608
Feb 12, 2015	0.010828	0.011197	0.010739	0.011060
Feb 11, 2015	0.010755	0.011217	0.010559	0.010854
Feb 10, 2015	0.011019	0.011253	0.010603	0.010735
Feb 09, 2015	0.011379	0.011434	0.010892	0.011043
Feb 08, 2015	0.011789	0.011795	0.011134	0.011364
Feb 07, 2015	0.010995	0.011866	0.010995	0.011801
Feb 06, 2015	0.011048	0.011451	0.010837	0.010996
Feb 05, 2015	0.011534	0.012029	0.010954	0.011067
Feb 04, 2015	0.011497	0.011849	0.011076	0.011484
Feb 03, 2015	0.012339	0.012645	0.011336	0.011467
Feb 02, 2015	0.011766	0.012474	0.011594	0.012392
Feb 01, 2015	0.011284	0.012154	0.010965	0.011894
Jan 31, 2015	0.012004	0.012601	0.011264	0.011333
Jan 30, 2015	0.012675	0.013071	0.011787	0.011918
Jan 29, 2015	0.012519	0.013010	0.012051	0.012712
Jan 28, 2015	0.013790	0.013965	0.012163	0.012612
Jan 27, 2015	0.014453	0.014740	0.011816	0.013794
Jan 26, 2015	0.014840	0.016718	0.014197	0.014467
Jan 25, 2015	0.014948	0.015557	0.014357	0.014823
Jan 24, 2015	0.014025	0.015109	0.013902	0.015003
Jan 23, 2015	0.014150	0.014182	0.013497	0.014095
Jan 22, 2015	0.013803	0.014369	0.013513	0.014052
Jan 21, 2015	0.012835	0.013813	0.012727	0.013808
Jan 20, 2015	0.012600	0.012954	0.012259	0.012832
Jan 19, 2015	0.012653	0.012999	0.012167	0.012738
Jan 18, 2015	0.011977	0.012934	0.011713	0.012587
Jan 17, 2015	0.012406	0.012652	0.011608	0.011942
Jan 16, 2015	0.012953	0.013506	0.011948	0.012411
Jan 15, 2015	0.010231	0.013688	0.010231	0.012979
Jan 14, 2015	0.013007	0.013007	0.010019	0.010350
Jan 13, 2015	0.015374	0.015583	0.012777	0.013059
Jan 12, 2015	0.015567	0.015912	0.015099	0.015422
Jan 11, 2015	0.016209	0.016587	0.015529	0.015542
Jan 10, 2015	0.029814	0.029814	0.015832	0.016207
Jan 09, 2015	0.016441	0.029817	0.016153	0.029554
Jan 08, 2015	0.017865	0.017991	0.016295	0.016413
Jan 07, 2015	0.017459	0.018056	0.016890	0.017843
Jan 06, 2015	0.016909	0.017629	0.015809	0.017426
Jan 05, 2015	0.016073	0.017113	0.016073	0.016903
Jan 04, 2015	0.017700	0.017951	0.015642	0.016069
Jan 03, 2015	0.019698	0.021663	0.017489	0.017690
Jan 02, 2015	0.017697	0.020174	0.017619	0.019675
Jan 01, 2015	0.018063	0.018063	0.017194	0.017704
Dec 31, 2014	0.016710	0.018032	0.016698	0.018032
Dec 30, 2014	0.016456	0.016973	0.016166	0.016698
Dec 29, 2014	0.016546	0.016929	0.016403	0.016526
Dec 28, 2014	0.015933	0.016577	0.015898	0.016455
Dec 27, 2014	0.017111	0.017311	0.015800	0.015895
Dec 26, 2014	0.017289	0.017952	0.017009	0.017188
Dec 25, 2014	0.018215	0.018285	0.017098	0.017284
Dec 24, 2014	0.017452	0.019655	0.017035	0.018222
Dec 23, 2014	0.017236	0.017627	0.016752	0.017496
Dec 22, 2014	0.016676	0.017612	0.016451	0.017232
Dec 21, 2014	0.017058	0.017058	0.016214	0.016687
Dec 20, 2014	0.015361	0.017229	0.014919	0.017075
Dec 19, 2014	0.014793	0.015368	0.014337	0.015368
Dec 18, 2014	0.015229	0.015502	0.014495	0.014797
Dec 17, 2014	0.015484	0.015847	0.014809	0.015204
Dec 16, 2014	0.016681	0.016724	0.015506	0.015506
Dec 15, 2014	0.016776	0.017054	0.016485	0.016667
Dec 14, 2014	0.017015	0.017145	0.016426	0.016783
Dec 13, 2014	0.016603	0.017227	0.016603	0.017046
Dec 12, 2014	0.016876	0.017332	0.016708	0.016708
Dec 11, 2014	0.016899	0.017853	0.016521	0.017853
Dec 10, 2014	0.017348	0.018035	0.016798	0.016975
Dec 09, 2014	0.018135	0.018312	0.016151	0.017352
Dec 08, 2014	0.019316	0.019391	0.017928	0.017937
Dec 07, 2014	0.019318	0.019573	0.018879	0.019323
Dec 06, 2014	0.019484	0.019624	0.019080	0.019200
Dec 05, 2014	0.019245	0.019646	0.018830	0.019489
Dec 04, 2014	0.019795	0.020285	0.019148	0.019320
Dec 03, 2014	0.020060	0.020404	0.019093	0.019806
Dec 02, 2014	0.019761	0.020567	0.019594	0.020041
Dec 01, 2014	0.019457	0.020121	0.019189	0.019761
Nov 30, 2014	0.019895	0.020210	0.019166	0.019224
Nov 29, 2014	0.018971	0.020256	0.018847	0.020046
Nov 28, 2014	0.018785	0.019533	0.018395	0.018991
Nov 27, 2014	0.019107	0.019397	0.018767	0.018799
Nov 26, 2014	0.019543	0.019607	0.018725	0.018999
Nov 25, 2014	0.019769	0.020730	0.018989	0.019436
Nov 24, 2014	0.019005	0.020375	0.018976	0.019785
Nov 23, 2014	0.017705	0.019248	0.017598	0.019064
Nov 22, 2014	0.018215	0.018215	0.017596	0.017696
Nov 21, 2014	0.017857	0.018182	0.017171	0.018013
Nov 20, 2014	0.018052	0.018362	0.017184	0.017681
Nov 19, 2014	0.018006	0.018937	0.017641	0.018063
Nov 18, 2014	0.019279	0.019574	0.017738	0.018044
Nov 17, 2014	0.019439	0.020463	0.018801	0.019248
Nov 16, 2014	0.019360	0.019910	0.018707	0.019416
Nov 15, 2014	0.019986	0.021043	0.018290	0.019326
Nov 14, 2014	0.020862	0.020997	0.019079	0.019852
Nov 13, 2014	0.022403	0.023433	0.019495	0.020975
Nov 12, 2014	0.020478	0.022401	0.020478	0.022243
Nov 11, 2014	0.020358	0.020598	0.019947	0.020462
Nov 10, 2014	0.020433	0.020781	0.019840	0.020421
Nov 09, 2014	0.019789	0.020736	0.019534	0.020523
Nov 08, 2014	0.019908	0.020341	0.019612	0.019807
Nov 07, 2014	0.020359	0.020601	0.019580	0.019923
Nov 06, 2014	0.020103	0.020717	0.019956	0.020352
Nov 05, 2014	0.019311	0.020349	0.019301	0.020105
Nov 04, 2014	0.019467	0.019795	0.019128	0.019280
Nov 03, 2014	0.018810	0.019692	0.018810	0.019511
Nov 02, 2014	0.017860	0.018949	0.017723	0.018891
Nov 01, 2014	0.019387	0.019713	0.017803	0.017867
Oct 31, 2014	0.020215	0.020302	0.019143	0.019422
Oct 30, 2014	0.019930	0.020493	0.019445	0.020227
Oct 29, 2014	0.021216	0.021400	0.019977	0.019978
Oct 28, 2014	0.021652	0.021920	0.021076	0.021254
Oct 27, 2014	0.021723	0.022123	0.021379	0.021563
Oct 26, 2014	0.021508	0.022195	0.021181	0.021747
Oct 25, 2014	0.022332	0.022473	0.021025	0.021496
Oct 24, 2014	0.021473	0.022651	0.021226	0.022322
Oct 23, 2014	0.024496	0.024670	0.021406	0.021485
Oct 22, 2014	0.023565	0.024915	0.023209	0.024533
Oct 21, 2014	0.022664	0.024045	0.022576	0.023539
Oct 20, 2014	0.023083	0.023221	0.021580	0.022634
Oct 19, 2014	0.023068	0.023725	0.022725	0.023104
Oct 18, 2014	0.022599	0.023475	0.022310	0.023088
Oct 17, 2014	0.023329	0.023751	0.022536	0.022609
Oct 16, 2014	0.024076	0.024610	0.022918	0.023297
Oct 15, 2014	0.025458	0.025609	0.023244	0.024029
Oct 14, 2014	0.024294	0.026232	0.023807	0.025472
Oct 13, 2014	0.024834	0.024876	0.023823	0.024196
Oct 12, 2014	0.023970	0.025271	0.023498	0.024854
Oct 11, 2014	0.024683	0.025549	0.023429	0.023959
Oct 10, 2014	0.025576	0.025954	0.024199	0.024738
Oct 09, 2014	0.025624	0.026590	0.023707	0.025575
Oct 08, 2014	0.025263	0.025753	0.024132	0.025647
Oct 07, 2014	0.024935	0.025443	0.023995	0.025305
Oct 06, 2014	0.023803	0.025838	0.022738	0.024711
Oct 05, 2014	0.024236	0.025180	0.021832	0.023841
Oct 04, 2014	0.026513	0.026858	0.024241	0.024241
Oct 03, 2014	0.027549	0.027589	0.026186	0.026453
Oct 02, 2014	0.028059	0.028397	0.027491	0.027855
Oct 01, 2014	0.028286	0.028817	0.027640	0.028308
Sep 30, 2014	0.027305	0.028409	0.027091	0.028252
Sep 29, 2014	0.028639	0.029360	0.027162	0.027248
Sep 28, 2014	0.031030	0.031145	0.028481	0.028647
Sep 27, 2014	0.031948	0.031948	0.030723	0.031015
Sep 26, 2014	0.030895	0.032470	0.030544	0.031942
Sep 25, 2014	0.031954	0.031954	0.029504	0.030945
Sep 24, 2014	0.033039	0.033296	0.031839	0.031989
Sep 23, 2014	0.031971	0.034112	0.031026	0.033011
Sep 22, 2014	0.029771	0.032160	0.029639	0.031930
Sep 21, 2014	0.029835	0.030297	0.028802	0.029748
Sep 20, 2014	0.029499	0.031843	0.029274	0.029902
Sep 19, 2014	0.033146	0.033146	0.029125	0.029643
Sep 18, 2014	0.034949	0.035310	0.031940	0.033117
Sep 17, 2014	0.037888	0.038090	0.033811	0.034975
Sep 16, 2014	0.037246	0.039173	0.036876	0.037837
Sep 15, 2014	0.037845	0.038218	0.036761	0.037264
Sep 14, 2014	0.041300	0.041318	0.037268	0.037692
Sep 13, 2014	0.042262	0.042548	0.040437	0.041259
Sep 12, 2014	0.040991	0.043402	0.039902	0.042218
Sep 11, 2014	0.039582	0.041609	0.038573	0.041038
Sep 10, 2014	0.036560	0.039654	0.036469	0.039558
Sep 09, 2014	0.036893	0.037428	0.035017	0.036563
Sep 08, 2014	0.037243	0.037908	0.035218	0.036888
Sep 07, 2014	0.036391	0.038048	0.035869	0.037189
Sep 06, 2014	0.034424	0.038569	0.034032	0.036257
Sep 05, 2014	0.029264	0.034640	0.029264	0.034626
Sep 04, 2014	0.028851	0.029538	0.027933	0.029254
Sep 03, 2014	0.028253	0.029729	0.028253	0.028861
Sep 02, 2014	0.027141	0.028461	0.026875	0.028283
Sep 01, 2014	0.026603	0.027819	0.025698	0.027111
Aug 31, 2014	0.029977	0.030188	0.025555	0.026616
Aug 30, 2014	0.028339	0.031173	0.027271	0.030137
Aug 29, 2014	0.026468	0.028362	0.025799	0.028324
Aug 28, 2014	0.028364	0.029012	0.026423	0.026552
Aug 27, 2014	0.028630	0.029703	0.027637	0.028378
Aug 26, 2014	0.028237	0.029386	0.027509	0.028515
Aug 25, 2014	0.029462	0.030150	0.027307	0.028002
Aug 24, 2014	0.028781	0.030024	0.028649	0.029476
Aug 23, 2014	0.030797	0.030797	0.028435	0.028769
Aug 22, 2014	0.030920	0.031047	0.028898	0.030834
Aug 21, 2014	0.033171	0.033816	0.029195	0.030841
Aug 20, 2014	0.035257	0.035469	0.030929	0.033267
Aug 19, 2014	0.029716	0.035311	0.029366	0.035311
Aug 18, 2014	0.032670	0.033882	0.028656	0.029715
Aug 17, 2014	0.028080	0.033491	0.027393	0.032687
Aug 16, 2014	0.032222	0.033937	0.024835	0.028089
Aug 15, 2014	0.034822	0.035723	0.031805	0.032155
Aug 14, 2014	0.036971	0.038327	0.033134	0.034697
Aug 13, 2014	0.033409	0.037865	0.032690	0.036906
Aug 12, 2014	0.033456	0.033603	0.028848	0.033287
Aug 11, 2014	0.035445	0.037235	0.033340	0.033537
Aug 10, 2014	0.037125	0.039282	0.034683	0.035425
Aug 09, 2014	0.038968	0.040612	0.036983	0.036983
Aug 08, 2014	0.040109	0.041963	0.039031	0.039031
Aug 07, 2014	0.041525	0.042069	0.040323	0.040357
Aug 06, 2014	0.042446	0.042866	0.041134	0.041417
Aug 05, 2014	0.045567	0.045909	0.042411	0.042411
Aug 04, 2014	0.047649	0.050055	0.039649	0.045547
Aug 03, 2014	0.045921	0.047704	0.044393	0.047615
Aug 02, 2014	0.044580	0.046561	0.043929	0.045953
Aug 01, 2014	0.045128	0.045144	0.043839	0.044584
Jul 31, 2014	0.041032	0.045139	0.040845	0.045126
Jul 30, 2014	0.042366	0.043680	0.040882	0.041025
Jul 29, 2014	0.043489	0.043819	0.042321	0.042364
Jul 28, 2014	0.044942	0.044958	0.042623	0.043498
Jul 27, 2014	0.045516	0.045770	0.044047	0.044921
Jul 26, 2014	0.046742	0.046971	0.044008	0.045527
Jul 25, 2014	0.046098	0.048267	0.045382	0.046708
Jul 24, 2014	0.048040	0.048040	0.044896	0.046143
Jul 23, 2014	0.053155	0.053208	0.047086	0.047380
Jul 22, 2014	0.051713	0.053688	0.048654	0.052942
Jul 21, 2014	0.052398	0.052623	0.048571	0.051593
Jul 20, 2014	0.049332	0.052870	0.048195	0.052394
Jul 19, 2014	0.047642	0.049867	0.046064	0.048959
Jul 18, 2014	0.043083	0.047904	0.042948	0.047614
Jul 17, 2014	0.042965	0.045093	0.039910	0.043074
Jul 16, 2014	0.044033	0.044231	0.042394	0.042982
Jul 15, 2014	0.043905	0.046660	0.043687	0.043974
Jul 14, 2014	0.043751	0.045574	0.043206	0.044101
Jul 13, 2014	0.046652	0.047297	0.043210	0.043749
Jul 12, 2014	0.048715	0.050556	0.044898	0.046746
Jul 11, 2014	0.046429	0.048912	0.044158	0.048723
Jul 10, 2014	0.048865	0.048961	0.042418	0.046931
Jul 09, 2014	0.051395	0.051985	0.048507	0.048842
Jul 08, 2014	0.052762	0.052779	0.050555	0.051700
Jul 07, 2014	0.053377	0.053453	0.047626	0.049936
Jul 06, 2014	0.053281	0.054713	0.051540	0.053394
Jul 05, 2014	0.056349	0.058644	0.050548	0.053229
Jul 04, 2014	0.061150	0.061362	0.055528	0.055533
Jul 03, 2014	0.062063	0.062705	0.059335	0.061340
Jul 02, 2014	0.062097	0.062853	0.059866	0.061856
Jul 01, 2014	0.062177	0.063188	0.059686	0.062090
Jun 30, 2014	0.057100	0.063111	0.056050	0.062084
Jun 29, 2014	0.056224	0.057438	0.054680	0.057251
Jun 28, 2014	0.058609	0.060335	0.055536	0.055764
Jun 27, 2014	0.060093	0.061592	0.054491	0.059107
Jun 26, 2014	0.057814	0.060047	0.055513	0.060047
Jun 25, 2014	0.064969	0.065259	0.056956	0.059778
Jun 24, 2014	0.067037	0.067268	0.062227	0.065121
Jun 23, 2014	0.066182	0.067229	0.064679	0.066848
Jun 22, 2014	0.064545	0.068276	0.064078	0.066345
Jun 21, 2014	0.065037	0.065254	0.062352	0.064460
Jun 20, 2014	0.068569	0.068891	0.063569	0.065083
Jun 19, 2014	0.070164	0.071383	0.062423	0.068628
Jun 18, 2014	0.069044	0.073546	0.068846	0.070152
Jun 17, 2014	0.073148	0.074482	0.067400	0.069179
Jun 16, 2014	0.076260	0.077322	0.073136	0.073210
Jun 15, 2014	0.070387	0.076291	0.068025	0.076291
Jun 14, 2014	0.075813	0.075837	0.068048	0.070543
Jun 13, 2014	0.067448	0.076637	0.066086	0.075754
Jun 12, 2014	0.080473	0.080671	0.065860	0.067578
Jun 11, 2014	0.079432	0.084196	0.075824	0.081425
Jun 10, 2014	0.073872	0.080111	0.069315	0.079428
Jun 09, 2014	0.064591	0.073789	0.060240	0.073789
Jun 08, 2014	0.075860	0.079148	0.061193	0.064634
Jun 07, 2014	0.077243	0.079913	0.072740	0.075664
Jun 06, 2014	0.091990	0.092140	0.070365	0.077242
Jun 05, 2014	0.074708	0.102638	0.073686	0.091743
Jun 04, 2014	0.068705	0.076176	0.059624	0.074759
Jun 03, 2014	0.060873	0.069201	0.059541	0.068770
Jun 02, 2014	0.057157	0.061511	0.054356	0.060879
Jun 01, 2014	0.052296	0.062195	0.051886	0.057205
May 31, 2014	0.047602	0.052670	0.046145	0.052295
May 30, 2014	0.044210	0.047959	0.044210	0.047576
May 29, 2014	0.041170	0.045943	0.039456	0.044210
May 28, 2014	0.039697	0.041558	0.038789	0.040670
May 27, 2014	0.041113	0.041458	0.037989	0.039779
May 26, 2014	0.040446	0.042017	0.039666	0.041167
May 25, 2014	0.037989	0.041137	0.035121	0.040872
May 24, 2014	0.036806	0.038937	0.035277	0.037983
May 23, 2014	0.039953	0.040329	0.035731	0.036026
May 22, 2014	0.038049	0.040616	0.037916	0.039872
May 21, 2014	0.039437	0.039526	0.037968	0.038027
May 20, 2014	0.036273	0.039431	0.034319	0.039431
May 19, 2014	0.039032	0.039742	0.035801	0.036263
May 18, 2014	0.043034	0.043102	0.038233	0.039048
May 17, 2014	0.036684	0.044869	0.035080	0.042779
May 16, 2014	0.035098	0.036679	0.033978	0.036679
May 15, 2014	0.032106	0.035510	0.031746	0.035070
May 14, 2014	0.031301	0.032631	0.030232	0.032095
May 13, 2014	0.031702	0.032989	0.030593	0.031329
May 12, 2014	0.031121	0.033254	0.029337	0.031698
May 11, 2014	0.030726	0.031612	0.028905	0.029994
May 10, 2014	0.031499	0.031766	0.029833	0.030755
May 09, 2014	0.025994	0.035428	0.025994	0.031175
May 08, 2014	0.023273	0.026137	0.023273	0.025994
May 07, 2014	0.022375	0.023933	0.022371	0.023280
May 06, 2014	0.022453	0.022780	0.021675	0.022360
May 05, 2014	0.022517	0.022719	0.021943	0.022459
May 04, 2014	0.022987	0.023029	0.022347	0.022593
May 03, 2014	0.023130	0.023130	0.022214	0.022949
May 02, 2014	0.023038	0.023551	0.022369	0.023129
May 01, 2014	0.021997	0.023938	0.021481	0.023056
Apr 30, 2014	0.021226	0.022479	0.020755	0.021998
Apr 29, 2014	0.021865	0.022140	0.020847	0.021240
Apr 28, 2014	0.019568	0.022716	0.017522	0.021878
Apr 27, 2014	0.021034	0.021632	0.019502	0.019811
Apr 26, 2014	0.020922	0.022540	0.020031	0.021092
Apr 25, 2014	0.023865	0.024304	0.019298	0.020913
Apr 24, 2014	0.024210	0.024306	0.023100	0.023871
Apr 23, 2014	0.024394	0.024661	0.023321	0.024096
Apr 22, 2014	0.023783	0.024603	0.022749	0.024373
Apr 21, 2014	0.025728	0.026258	0.022595	0.023794
Apr 20, 2014	0.025544	0.027338	0.024134	0.025750
Apr 19, 2014	0.025254	0.027480	0.024363	0.025535
Apr 18, 2014	0.025626	0.026599	0.024664	0.025256
Apr 17, 2014	0.029244	0.029662	0.025474	0.025632
Apr 16, 2014	0.028369	0.030224	0.027035	0.029180
Apr 15, 2014	0.023751	0.028311	0.023751	0.028085
Apr 14, 2014	0.021257	0.024209	0.020933	0.023771
Apr 13, 2014	0.023135	0.023515	0.020600	0.021142
Apr 12, 2014	0.023263	0.037212	0.021982	0.023118
Apr 11, 2014	0.019557	0.023704	0.019201	0.023266
Apr 10, 2014	0.025282	0.025689	0.019296	0.019622
Apr 09, 2014	0.027807	0.028542	0.025165	0.025383
Apr 08, 2014	0.027532	0.028675	0.027370	0.027767
Apr 07, 2014	0.028490	0.028960	0.026740	0.027628
Apr 06, 2014	0.029177	0.029242	0.027872	0.028437
Apr 05, 2014	0.027901	0.029188	0.027793	0.029085
Apr 04, 2014	0.028032	0.029083	0.027562	0.027944
Apr 03, 2014	0.028777	0.029354	0.027011	0.027983
Apr 02, 2014	0.030063	0.031508	0.027381	0.028819
Apr 01, 2014	0.028297	0.032048	0.027440	0.030022
Mar 31, 2014	0.028133	0.029407	0.025918	0.028297
Mar 30, 2014	0.028497	0.028497	0.025404	0.028028
Mar 29, 2014	0.029493	0.029713	0.026572	0.028438
Mar 28, 2014	0.026704	0.029301	0.025073	0.029239
Mar 27, 2014	0.034010	0.034310	0.025348	0.025348
Mar 26, 2014	0.037106	0.037243	0.032874	0.034049
Mar 25, 2014	0.047463	0.047665	0.037036	0.037131
Mar 24, 2014	0.041870	0.050542	0.038254	0.047341
Mar 23, 2014	0.040809	0.043401	0.039540	0.041789
Mar 22, 2014	0.040482	0.044778	0.039295	0.040774
Mar 21, 2014	0.038582	0.040457	0.034139	0.040457
Mar 20, 2014	0.031262	0.038800	0.030871	0.038358
Mar 19, 2014	0.029774	0.031949	0.029143	0.031268
Mar 18, 2014	0.032488	0.034411	0.029797	0.029815
Mar 17, 2014	0.032398	0.037826	0.029354	0.032529
Mar 16, 2014	0.038012	0.038983	0.032350	0.032350
Mar 15, 2014	0.040785	0.041648	0.037369	0.037994
Mar 14, 2014	0.040304	0.042074	0.040038	0.040754
Mar 13, 2014	0.044006	0.044040	0.039848	0.040304
Mar 12, 2014	0.044557	0.045471	0.042771	0.043914
Mar 11, 2014	0.045425	0.046250	0.039366	0.044689
Mar 10, 2014	0.046816	0.047595	0.044850	0.045415
Mar 09, 2014	0.046143	0.047491	0.045057	0.046857
Mar 08, 2014	0.046893	0.047679	0.044477	0.046201
Mar 07, 2014	0.049476	0.049543	0.046049	0.046860
Mar 06, 2014	0.049756	0.050726	0.047237	0.049447
Mar 05, 2014	0.050564	0.052833	0.048254	0.049819
Mar 04, 2014	0.052632	0.053605	0.049370	0.050860
Mar 03, 2014	0.044246	0.054279	0.043671	0.052426
Mar 02, 2014	0.046309	0.047023	0.043060	0.044080
Mar 01, 2014	0.044462	0.047784	0.043450	0.045723
Feb 28, 2014	0.047361	0.048182	0.043498	0.043753
Feb 27, 2014	0.049504	0.051640	0.046506	0.047678
Feb 26, 2014	0.048134	0.051297	0.045615	0.049579
Feb 25, 2014	0.046873	0.048358	0.037868	0.048229
Feb 24, 2014	0.050898	0.050989	0.046690	0.047205
Feb 23, 2014	0.054282	0.057076	0.050678	0.050916
Feb 22, 2014	0.051537	0.055377	0.050587	0.054222
Feb 21, 2014	0.053851	0.055220	0.050405	0.051198
Feb 20, 2014	0.060777	0.062049	0.053829	0.054050
Feb 19, 2014	0.060731	0.061106	0.058476	0.061002
Feb 18, 2014	0.060395	0.061893	0.059175	0.060775
Feb 17, 2014	0.056041	0.062358	0.055351	0.060302
Feb 16, 2014	0.058076	0.059641	0.052880	0.057428
Feb 15, 2014	0.059374	0.063522	0.057050	0.058058
Feb 14, 2014	0.048925	0.067584	0.044465	0.059543
Feb 13, 2014	0.044899	0.052205	0.044899	0.049142
Feb 12, 2014	0.047050	0.047327	0.043962	0.044943
Feb 11, 2014	0.048255	0.051272	0.044280	0.047029
Feb 10, 2014	0.048815	0.050467	0.038071	0.048088
Feb 09, 2014	0.045647	0.050122	0.044633	0.048928
Feb 08, 2014	0.048763	0.052019	0.045069	0.045830
Feb 07, 2014	0.053913	0.055053	0.044899	0.049626
Feb 06, 2014	0.059321	0.059557	0.053683	0.053799
Feb 05, 2014	0.061736	0.063349	0.057239	0.059053
Feb 04, 2014	0.063158	0.067369	0.059166	0.061588
Feb 03, 2014	0.065918	0.068393	0.063020	0.063163
Feb 02, 2014	0.066465	0.071951	0.064089	0.066888
Feb 01, 2014	0.060745	0.072655	0.060734	0.066440
Jan 31, 2014	0.062201	0.063179	0.059151	0.060841
Jan 30, 2014	0.062810	0.065392	0.057611	0.062246
Jan 29, 2014	0.068983	0.069750	0.062583	0.062600
Jan 28, 2014	0.067139	0.071660	0.065762	0.069200
Jan 27, 2014	0.077969	0.079204	0.065869	0.066910
Jan 26, 2014	0.073058	0.078384	0.068081	0.078029
Jan 25, 2014	0.069869	0.077062	0.069581	0.073052
Jan 24, 2014	0.074395	0.074506	0.064303	0.070037
Jan 23, 2014	0.073596	0.077493	0.071257	0.073918
Jan 22, 2014	0.095888	0.097685	0.059908	0.073608
Jan 21, 2014	0.078988	0.112491	0.078988	0.103309
Jan 20, 2014	0.053078	0.082160	0.053010	0.079037
Jan 19, 2014	0.046324	0.053666	0.042406	0.052563
Jan 18, 2014	0.029365	0.061164	0.029365	0.047653
Jan 17, 2014	0.032949	0.033260	0.025476	0.029314
Jan 16, 2014	0.035466	0.037136	0.028296	0.032994
Jan 15, 2014	0.038033	0.040489	0.035674	0.035674
Jan 14, 2014	0.038059	0.040301	0.035106	0.038040
Jan 13, 2014	0.040375	0.042403	0.034011	0.037970
Jan 12, 2014	0.044743	0.046016	0.039195	0.040386
Jan 11, 2014	0.044117	0.047401	0.040550	0.044446
Jan 10, 2014	0.044050	0.048179	0.041626	0.044329
Jan 09, 2014	0.039890	0.046655	0.038716	0.044390
Jan 08, 2014	0.032242	0.048766	0.029551	0.039949
Jan 07, 2014	0.052324	0.057551	0.032487	0.032487
Jan 06, 2014	0.052634	0.062375	0.048451	0.052191
Jan 05, 2014	0.062960	0.064764	0.050040	0.063360
Jan 04, 2014	0.060679	0.068754	0.039328	0.063287
Jan 03, 2014	0.074847	0.080981	0.056402	0.060361
Jan 02, 2014	0.070808	0.078923	0.065031	0.073670
Jan 01, 2014	0.051862	0.073374	0.047847	0.070191
Dec 31, 2013	0.051734	0.054045	0.032506	0.052105
Dec 30, 2013	0.056208	0.072715	0.045329	0.050882
Dec 29, 2013	0.059469	0.062992	0.041025	0.056123
Dec 28, 2013	0.065396	0.074788	0.042802	0.060045
Dec 27, 2013	0.080607	0.083225	0.062031	0.071800
Dec 26, 2013	0.064000	0.102100	0.057583	0.084504
Dec 25, 2013	0.038411	0.064458	0.029694	0.064458
Dec 24, 2013	0.030488	0.044188	0.027665	0.038054
Dec 23, 2013	0.031173	0.031208	0.014109	0.026137
Dec 22, 2013	0.018058	0.041041	0.015040	0.033240
Dec 21, 2013	0.010359	0.028885	0.010359	0.018164
Dec 20, 2013	0.008734	0.012091	0.008011	0.011355
Dec 19, 2013	0.006229	0.008987	0.005658	0.008710
Dec 18, 2013	0.006680	0.007316	0.004487	0.006257
Dec 17, 2013	0.006357	0.014281	0.000784	0.006610
Dec 16, 2013	0.006646	0.011947	0.001974	0.006354
Dec 15, 2013	0.004543	0.015753	0.000616	0.007430
Dec 14, 2013	0.003806	0.017529	0.003680	0.004529
Dec 13, 2013	0.003237	0.005632	0.003227	0.003776
Dec 12, 2013	0.007611	0.016520	0.003058	0.003231
Dec 11, 2013	0.003066	0.008488	0.002857	0.007790
Dec 10, 2013	0.003641	0.004236	0.002294	0.003064
Dec 09, 2013	0.003969	0.009240	0.002974	0.002983
Dec 08, 2013	0.005655	0.007000	0.001940	0.003979
Dec 07, 2013	0.008353	0.010066	0.005465	0.005663
Dec 06, 2013	0.011581	0.019889	0.008046	0.008294
Dec 05, 2013	0.013602	0.015984	0.010125	0.011726
Dec 04, 2013	0.015092	0.016644	0.002872	0.013584
