Date	Open	High	Low	Close
Jan 14, 2018	6.50	6.50	5.66	5.94
Jan 13, 2018	6.16	6.63	6.04	6.50
Jan 12, 2018	5.62	6.17	5.41	6.01
Jan 11, 2018	6.56	6.59	5.27	5.63
Jan 10, 2018	6.39	6.81	5.56	6.59
Jan 09, 2018	6.91	7.24	6.39	6.39
Jan 08, 2018	7.12	7.51	6.06	7.01
Jan 07, 2018	7.01	7.56	6.79	7.02
Jan 06, 2018	6.66	7.23	6.25	7.09
Jan 05, 2018	6.89	7.45	6.51	6.60
Jan 04, 2018	7.25	7.25	6.59	6.90
Jan 03, 2018	7.42	7.44	6.84	7.18
Jan 02, 2018	6.90	7.81	6.83	7.43
Jan 01, 2018	6.73	6.86	6.30	6.82
Dec 31, 2017	6.26	6.81	6.12	6.68
Dec 30, 2017	7.18	7.18	5.83	6.38
Dec 29, 2017	7.04	7.49	6.69	7.17
Dec 28, 2017	7.43	7.43	6.41	6.99
Dec 27, 2017	7.59	7.69	7.02	7.39
Dec 26, 2017	7.53	7.90	7.20	7.61
Dec 25, 2017	7.64	8.00	7.05	7.53
Dec 24, 2017	8.06	8.09	6.67	7.64
Dec 23, 2017	6.86	8.66	6.80	7.95
Dec 22, 2017	9.36	9.67	5.18	6.71
Dec 21, 2017	8.56	10.06	8.25	9.22
Dec 20, 2017	8.99	9.10	7.61	8.56
Dec 19, 2017	9.44	9.96	8.44	8.99
Dec 18, 2017	8.39	9.82	8.12	9.52
Dec 17, 2017	8.51	8.91	8.03	8.36
Dec 16, 2017	7.73	8.66	7.71	7.95
Dec 15, 2017	8.12	8.13	7.09	7.70
Dec 14, 2017	8.13	8.35	7.58	8.15
Dec 13, 2017	8.57	8.68	7.79	8.10
Dec 12, 2017	8.55	8.67	7.95	8.57
Dec 11, 2017	7.72	9.63	7.65	8.44
Dec 10, 2017	8.39	8.39	6.66	7.77
Dec 09, 2017	8.10	9.39	7.50	8.43
Dec 08, 2017	7.09	9.00	6.63	8.06
Dec 07, 2017	8.17	9.66	7.23	7.23
Dec 06, 2017	9.46	10.53	7.93	8.16
Dec 05, 2017	8.37	9.90	8.28	9.47
Dec 04, 2017	7.66	8.50	7.49	8.35
Dec 03, 2017	7.81	8.74	7.30	7.70
Dec 02, 2017	6.47	7.91	6.29	7.77
Dec 01, 2017	5.37	6.69	5.23	6.43
Nov 30, 2017	5.00	5.77	4.77	5.34
Nov 29, 2017	5.14	5.85	4.55	4.93
Nov 28, 2017	5.41	5.50	5.09	5.09
Nov 27, 2017	5.44	5.71	5.18	5.37
Nov 26, 2017	4.93	6.24	4.64	5.47
Nov 25, 2017	3.99	5.03	3.99	4.69
Nov 24, 2017	4.06	4.08	3.91	3.98
Nov 23, 2017	4.11	4.20	3.95	4.09
Nov 22, 2017	3.98	4.27	3.94	4.10
Nov 21, 2017	4.02	4.18	3.81	3.95
Nov 20, 2017	4.23	4.27	3.97	4.04
Nov 19, 2017	4.30	4.55	4.07	4.22
Nov 18, 2017	4.17	4.74	4.00	4.32
Nov 17, 2017	4.22	4.35	4.03	4.15
Nov 16, 2017	4.40	4.47	4.08	4.16
Nov 15, 2017	4.36	4.67	4.07	4.42
Nov 14, 2017	4.46	4.57	4.21	4.31
Nov 13, 2017	3.79	4.67	3.79	4.45
Nov 12, 2017	4.33	4.33	3.36	3.75
Nov 11, 2017	4.11	4.68	3.89	4.32
Nov 10, 2017	4.78	4.84	3.77	4.19
Nov 09, 2017	4.62	5.23	4.62	4.84
Nov 08, 2017	3.57	5.21	3.48	4.65
Nov 07, 2017	3.65	3.69	3.34	3.61
Nov 06, 2017	3.65	3.98	3.61	3.66
Nov 05, 2017	3.92	3.94	3.45	3.68
Nov 04, 2017	4.00	4.38	3.76	4.07
Nov 03, 2017	3.38	4.32	2.88	3.74
Nov 02, 2017	4.07	4.57	3.25	3.40
Nov 01, 2017	5.18	5.79	4.00	4.12
Oct 31, 2017	5.43	5.70	5.11	5.21
Oct 30, 2017	4.40	5.49	4.29	5.45
Oct 29, 2017	5.10	5.10	4.13	4.34
Oct 28, 2017	4.10	5.50	4.03	5.18
Oct 27, 2017	3.68	4.37	3.62	4.07
Oct 26, 2017	3.07	3.78	2.92	3.68
Oct 25, 2017	3.28	3.65	3.03	3.07
Oct 24, 2017	3.01	3.88	2.70	3.28
Oct 23, 2017	3.37	3.61	2.55	3.02
Oct 22, 2017	2.75	4.66	2.69	3.34
Oct 21, 2017	2.00	2.90	2.00	2.79
Oct 20, 2017	2.12	2.16	1.81	2.03
Oct 19, 2017	1.77	2.23	1.76	2.11
Oct 18, 2017	1.66	1.80	1.47	1.77
Oct 17, 2017	1.74	1.79	1.52	1.66
Oct 16, 2017	1.41	1.81	1.40	1.75
Oct 15, 2017	1.34	1.44	1.26	1.40
Oct 14, 2017	1.22	1.40	1.12	1.34
Oct 13, 2017	1.20	1.31	1.14	1.22
Oct 12, 2017	1.28	1.36	1.17	1.21
Oct 11, 2017	1.16	1.36	1.16	1.28
Oct 10, 2017	1.11	1.38	1.01	1.15
Oct 09, 2017	1.15	1.25	0.877993	1.13
Oct 08, 2017	1.30	1.36	1.12	1.14
Oct 07, 2017	1.45	1.49	1.20	1.32
Oct 06, 2017	1.23	1.51	1.23	1.45
Oct 05, 2017	1.15	1.25	1.10	1.23
Oct 04, 2017	1.05	1.20	1.03	1.15
Oct 03, 2017	0.991218	1.07	0.942849	1.05
Oct 02, 2017	1.05	1.08	0.989179	0.990215
Oct 01, 2017	1.03	1.06	0.971721	1.06
Sep 30, 2017	1.01	1.10	1.01	1.03
Sep 29, 2017	0.934447	1.05	0.880942	1.02
Sep 28, 2017	1.02	1.05	0.918664	0.934590
Sep 27, 2017	0.982183	1.05	0.961733	1.02
Sep 26, 2017	0.952433	1.10	0.910272	0.975175
Sep 25, 2017	0.981920	1.02	0.929181	0.953256
Sep 24, 2017	1.08	1.10	0.992858	0.992858
Sep 23, 2017	1.09	1.11	0.996794	1.07
Sep 22, 2017	1.30	1.30	0.937755	1.09
Sep 21, 2017	0.949276	1.47	0.949276	1.30
Sep 20, 2017	0.824111	0.959077	0.806837	0.955091
Sep 19, 2017	0.810271	0.922412	0.784926	0.811240
Sep 18, 2017	0.688659	0.811638	0.678429	0.810876
Sep 17, 2017	0.633736	0.792006	0.587567	0.688848
Sep 16, 2017	0.687695	0.687695	0.588681	0.629889
Sep 15, 2017	0.482116	0.707298	0.456760	0.707298
Sep 14, 2017	0.701684	0.712925	0.467558	0.479536
Sep 13, 2017	0.784210	0.784210	0.646563	0.704781
Sep 12, 2017	0.813576	0.922144	0.765543	0.790181
Sep 11, 2017	0.837214	0.851464	0.748880	0.798137
Sep 10, 2017	0.859588	0.878154	0.769025	0.839306
Sep 09, 2017	0.830610	0.924105	0.785190	0.864793
Sep 08, 2017	0.954019	1.00	0.774007	0.815370
Sep 07, 2017	0.996401	1.00	0.920185	0.955678
Sep 06, 2017	0.876317	0.995956	0.853645	0.991602
Sep 05, 2017	0.739811	0.927580	0.625802	0.866313
Sep 04, 2017	0.876828	0.879365	0.640453	0.734686
Sep 03, 2017	0.868996	0.888122	0.816412	0.876343
Sep 02, 2017	0.992606	1.00	0.830503	0.865105
Sep 01, 2017	0.980571	1.01	0.882880	0.987379
Aug 31, 2017	0.804951	1.01	0.804951	0.974320
Aug 30, 2017	0.719415	0.869750	0.710806	0.801626
Aug 29, 2017	0.810853	0.833236	0.721919	0.724871
Aug 28, 2017	0.853460	0.870169	0.786014	0.810263
Aug 27, 2017	0.926535	0.961715	0.843411	0.853437
Aug 26, 2017	0.951879	1.08	0.869046	0.921980
Aug 25, 2017	1.12	1.12	0.862078	0.942438
Aug 24, 2017	0.654529	1.17	0.653813	1.11
Aug 23, 2017	0.506441	0.697858	0.501662	0.656939
Aug 22, 2017	0.524720	0.595235	0.484479	0.510094
Aug 21, 2017	0.501841	0.569802	0.497265	0.523164
Aug 20, 2017	0.473231	0.548681	0.460700	0.503577
Aug 19, 2017	0.476764	0.573766	0.464412	0.474116
Aug 18, 2017	0.428249	0.544790	0.414923	0.476882
Aug 17, 2017	0.438372	0.445244	0.408810	0.429101
Aug 16, 2017	0.436286	0.451604	0.416088	0.435869
Aug 15, 2017	0.387523	0.458519	0.381589	0.453169
Aug 14, 2017	0.443076	0.453192	0.386848	0.393399
Aug 13, 2017	0.506256	0.506256	0.440236	0.443242
Aug 12, 2017	0.516336	0.522452	0.479287	0.510936
Aug 11, 2017	0.525278	0.541504	0.497757	0.517614
Aug 10, 2017	0.523575	0.584739	0.511258	0.523189
Aug 09, 2017	0.543642	0.562449	0.523857	0.524493
Aug 08, 2017	0.536174	0.569836	0.515745	0.543291
Aug 07, 2017	0.533130	0.571066	0.508627	0.538136
Aug 06, 2017	0.548248	0.576909	0.524886	0.530973
Aug 05, 2017	0.522588	0.558969	0.511759	0.546819
Aug 04, 2017	0.512709	0.543261	0.507584	0.521429
Aug 03, 2017	0.512742	0.543571	0.495479	0.517546
Aug 02, 2017	0.484498	0.531325	0.477671	0.512141
Aug 01, 2017	0.448398	0.512178	0.443731	0.485034
Jul 31, 2017	0.455333	0.475879	0.442728	0.448184
Jul 30, 2017	0.459091	0.493043	0.454948	0.454948
Jul 29, 2017	0.470844	0.470844	0.437216	0.459615
Jul 28, 2017	0.517383	0.526664	0.461934	0.471614
Jul 27, 2017	0.491388	0.530652	0.462623	0.519631
Jul 26, 2017	0.480203	0.491167	0.427390	0.490925
Jul 25, 2017	0.585116	0.604282	0.433983	0.481694
Jul 24, 2017	0.599188	0.650592	0.574542	0.583589
Jul 23, 2017	0.625422	0.651628	0.560781	0.598289
Jul 22, 2017	0.545804	0.652538	0.537208	0.621135
Jul 21, 2017	0.548306	0.599641	0.526735	0.551329
Jul 20, 2017	0.503565	0.591142	0.503565	0.543859
Jul 19, 2017	0.457307	0.549341	0.416575	0.501629
Jul 18, 2017	0.384461	0.462934	0.370768	0.452451
Jul 17, 2017	0.328149	0.387674	0.326700	0.381752
Jul 16, 2017	0.332340	0.346027	0.307053	0.327066
Jul 15, 2017	0.370975	0.373474	0.316714	0.332786
Jul 14, 2017	0.404729	0.409578	0.355170	0.365534
Jul 13, 2017	0.437120	0.467605	0.378376	0.399264
Jul 12, 2017	0.325375	0.453868	0.310830	0.438397
Jul 11, 2017	0.353094	0.390896	0.285474	0.325847
Jul 10, 2017	0.465704	0.468090	0.330508	0.351440
Jul 09, 2017	0.493723	0.540928	0.455752	0.465377
Jul 08, 2017	0.473405	0.506476	0.393675	0.490562
Jul 07, 2017	0.615277	0.625946	0.460871	0.473404
Jul 06, 2017	0.702679	0.718606	0.609970	0.610375
Jul 05, 2017	0.719307	0.719307	0.646941	0.701662
Jul 04, 2017	0.681068	0.747907	0.668274	0.721820
Jul 03, 2017	0.684744	0.697610	0.639006	0.681436
Jul 02, 2017	0.679085	0.701492	0.622331	0.689287
Jul 01, 2017	0.798285	0.823192	0.667883	0.674968
Jun 30, 2017	0.811729	0.837350	0.789358	0.799946
Jun 29, 2017	0.872014	0.883580	0.786083	0.812654
Jun 28, 2017	0.765570	0.890706	0.722694	0.872743
Jun 27, 2017	0.831968	0.831968	0.657474	0.754849
Jun 26, 2017	0.940114	0.990463	0.664378	0.831968
Jun 25, 2017	0.977696	1.04	0.930220	0.936577
Jun 24, 2017	1.02	1.17	0.964100	0.980770
Jun 23, 2017	0.949933	1.05	0.930036	1.02
Jun 22, 2017	0.887518	0.959372	0.877642	0.950535
Jun 21, 2017	0.969236	0.996904	0.874911	0.888882
Jun 20, 2017	0.886953	1.13	0.885687	0.960425
Jun 19, 2017	0.822299	0.909744	0.806974	0.883738
Jun 18, 2017	0.848688	0.862597	0.806969	0.819777
Jun 17, 2017	0.864275	0.867778	0.821404	0.853903
Jun 16, 2017	0.740078	0.965219	0.736588	0.878557
Jun 15, 2017	0.711355	0.751849	0.635865	0.746889
Jun 14, 2017	0.816106	0.852202	0.698632	0.711495
Jun 13, 2017	0.760120	0.884431	0.760120	0.819608
Jun 12, 2017	0.883659	0.930353	0.739668	0.766698
Jun 11, 2017	0.917623	0.998265	0.818035	0.881830
Jun 10, 2017	1.10	1.26	0.825375	0.919354
Jun 09, 2017	0.675471	1.22	0.671918	1.11
Jun 08, 2017	0.603961	0.681045	0.578284	0.675332
Jun 07, 2017	0.613924	0.694597	0.594987	0.600054
Jun 06, 2017	0.554233	0.685492	0.507064	0.615905
Jun 05, 2017	0.578123	0.646411	0.534351	0.549386
Jun 04, 2017	0.464114	0.640233	0.398621	0.583660
Jun 03, 2017	0.390444	0.481138	0.378037	0.465248
Jun 02, 2017	0.369020	0.394720	0.357120	0.390571
Jun 01, 2017	0.342075	0.372996	0.332058	0.370123
May 31, 2017	0.343050	0.349045	0.321490	0.340373
May 30, 2017	0.336852	0.364490	0.330810	0.343450
May 29, 2017	0.345266	0.346274	0.320323	0.341938
May 28, 2017	0.336751	0.388470	0.297253	0.341637
May 27, 2017	0.307602	0.345206	0.214854	0.335881
May 26, 2017	0.359076	0.401332	0.285022	0.305433
May 25, 2017	0.415513	0.423328	0.352267	0.360031
May 24, 2017	0.413588	0.469339	0.405129	0.415591
May 23, 2017	0.359088	0.423892	0.353182	0.411010
May 22, 2017	0.426152	0.454924	0.338565	0.362279
May 21, 2017	0.390380	0.453343	0.364343	0.422775
May 20, 2017	0.389295	0.408341	0.370860	0.394792
May 19, 2017	0.354838	0.397732	0.334843	0.390635
May 18, 2017	0.373864	0.412351	0.332633	0.354637
May 17, 2017	0.278725	0.419604	0.260639	0.376297
May 16, 2017	0.235427	0.312443	0.233497	0.278268
May 15, 2017	0.251235	0.255552	0.228613	0.233257
May 14, 2017	0.265838	0.281342	0.247585	0.251948
May 13, 2017	0.248695	0.298068	0.225996	0.264966
May 12, 2017	0.227755	0.261225	0.218841	0.250703
May 11, 2017	0.266762	0.268824	0.204113	0.227547
May 10, 2017	0.269981	0.303306	0.254455	0.266419
May 09, 2017	0.358997	0.371611	0.258234	0.264372
May 08, 2017	0.321309	0.480560	0.288629	0.360715
May 07, 2017	0.281283	0.449552	0.253552	0.326719
May 06, 2017	0.236601	0.285729	0.216598	0.281330
May 05, 2017	0.214918	0.237876	0.191388	0.237876
May 04, 2017	0.160037	0.205839	0.160037	0.193472
May 03, 2017	0.130737	0.162175	0.130162	0.161728
May 02, 2017	0.134782	0.139125	0.114040	0.130821
May 01, 2017	0.138529	0.154226	0.121620	0.136790
Apr 30, 2017	0.113002	0.136613	0.112766	0.132189
Apr 29, 2017	0.112155	0.114788	0.107176	0.112752
Apr 28, 2017	0.112659	0.114000	0.105080	0.112228
Apr 27, 2017	0.105018	0.115467	0.102031	0.111206
Apr 26, 2017	0.098901	0.112917	0.096703	0.106406
Apr 25, 2017	0.100147	0.101043	0.098426	0.099166
Apr 24, 2017	0.098458	0.101054	0.097647	0.099953
Apr 23, 2017	0.103907	0.105156	0.096929	0.097910
Apr 22, 2017	0.104400	0.107280	0.102642	0.104513
Apr 21, 2017	0.094611	0.111081	0.092037	0.105869
Apr 20, 2017	0.104741	0.105134	0.085996	0.093282
Apr 19, 2017	0.110211	0.112421	0.101838	0.104754
Apr 18, 2017	0.111567	0.118137	0.107053	0.109488
Apr 17, 2017	0.102696	0.125956	0.101048	0.110827
Apr 16, 2017	0.100796	0.105676	0.100633	0.103891
Apr 15, 2017	0.099366	0.103141	0.097770	0.100721
Apr 14, 2017	0.098709	0.104485	0.098035	0.098355
Apr 13, 2017	0.113566	0.118834	0.097216	0.099012
Apr 12, 2017	0.116135	0.124924	0.105025	0.113613
Apr 11, 2017	0.171369	0.196415	0.116845	0.116845
Apr 10, 2017	0.129495	0.232225	0.092258	0.170914
Apr 09, 2017	0.064970	0.138804	0.063308	0.124943
Apr 08, 2017	0.064022	0.070102	0.061045	0.064990
Apr 07, 2017	0.068585	0.070393	0.060649	0.064081
Apr 06, 2017	0.071883	0.073742	0.067740	0.068562
Apr 05, 2017	0.072447	0.077517	0.071159	0.071784
Apr 04, 2017	0.074842	0.081189	0.069774	0.072057
Apr 03, 2017	0.072842	0.077819	0.067389	0.074826
Apr 02, 2017	0.072504	0.078283	0.070145	0.074206
Apr 01, 2017	0.076477	0.077997	0.071668	0.073380
Mar 31, 2017	0.078681	0.083716	0.074159	0.076452
Mar 30, 2017	0.079791	0.093932	0.068817	0.079512
Mar 29, 2017	0.061185	0.095626	0.060188	0.078421
Mar 28, 2017	0.068399	0.068683	0.059106	0.061611
Mar 27, 2017	0.073087	0.078628	0.061364	0.066384
Mar 26, 2017	0.058041	0.082085	0.055123	0.072937
Mar 25, 2017	0.049432	0.058765	0.048749	0.058146
Mar 24, 2017	0.049919	0.054660	0.047490	0.049300
Mar 23, 2017	0.049480	0.055093	0.048154	0.049945
Mar 22, 2017	0.046925	0.050547	0.044255	0.049490
Mar 21, 2017	0.047392	0.048908	0.045423	0.046898
Mar 20, 2017	0.046054	0.048843	0.043251	0.046678
Mar 19, 2017	0.038362	0.047946	0.037377	0.046107
Mar 18, 2017	0.044153	0.045460	0.036380	0.037326
Mar 17, 2017	0.046854	0.047793	0.043414	0.044116
Mar 16, 2017	0.050423	0.054731	0.046163	0.046879
Mar 15, 2017	0.041122	0.052504	0.041122	0.050421
Mar 14, 2017	0.039654	0.043850	0.038727	0.041265
Mar 13, 2017	0.037622	0.041107	0.036888	0.039649
Mar 12, 2017	0.037967	0.040830	0.037316	0.037845
Mar 11, 2017	0.034283	0.037986	0.033956	0.037286
Mar 10, 2017	0.037733	0.039531	0.032833	0.034290
Mar 09, 2017	0.036875	0.038721	0.036035	0.037708
Mar 08, 2017	0.037842	0.038924	0.036202	0.036657
Mar 07, 2017	0.038328	0.039318	0.036144	0.038661
Mar 06, 2017	0.039239	0.043194	0.037281	0.038358
Mar 05, 2017	0.041863	0.041863	0.039188	0.039244
Mar 04, 2017	0.041576	0.042019	0.040193	0.041882
Mar 03, 2017	0.039259	0.043941	0.039250	0.041581
Mar 02, 2017	0.039568	0.042594	0.038693	0.039273
Mar 01, 2017	0.042692	0.043423	0.038649	0.039980
Feb 28, 2017	0.041980	0.044189	0.041558	0.042321
Feb 27, 2017	0.046017	0.051766	0.041443	0.041977
Feb 26, 2017	0.038663	0.047699	0.037301	0.042655
Feb 25, 2017	0.037582	0.043888	0.036251	0.038653
Feb 24, 2017	0.038517	0.039338	0.035730	0.037601
Feb 23, 2017	0.038852	0.041445	0.037919	0.038765
Feb 22, 2017	0.041223	0.042641	0.038861	0.038861
Feb 21, 2017	0.043345	0.043575	0.040498	0.041221
Feb 20, 2017	0.045782	0.045978	0.042019	0.043365
Feb 19, 2017	0.040939	0.047842	0.038973	0.045839
Feb 18, 2017	0.044365	0.047011	0.039226	0.040932
Feb 17, 2017	0.044485	0.046653	0.044313	0.044691
Feb 16, 2017	0.040960	0.053383	0.040509	0.044490
Feb 15, 2017	0.040734	0.041478	0.040182	0.040958
Feb 14, 2017	0.039693	0.042689	0.038704	0.040734
Feb 13, 2017	0.045119	0.045898	0.039676	0.039708
Feb 12, 2017	0.049594	0.051113	0.045083	0.046234
Feb 11, 2017	0.048416	0.052538	0.047629	0.049571
Feb 10, 2017	0.048687	0.050686	0.046496	0.048405
Feb 09, 2017	0.052958	0.056483	0.046129	0.048624
Feb 08, 2017	0.043693	0.060186	0.041733	0.053088
Feb 07, 2017	0.046084	0.047064	0.041642	0.043689
Feb 06, 2017	0.045405	0.047644	0.041948	0.045512
Feb 05, 2017	0.047179	0.050992	0.045146	0.045448
Feb 04, 2017	0.053861	0.053861	0.044943	0.047191
Feb 03, 2017	0.052897	0.057818	0.048165	0.053806
Feb 02, 2017	0.044980	0.059984	0.043260	0.053118
Feb 01, 2017	0.042283	0.047021	0.040561	0.045227
Jan 31, 2017	0.044943	0.044951	0.039496	0.041880
Jan 30, 2017	0.045117	0.050383	0.043543	0.044958
Jan 29, 2017	0.039129	0.053824	0.039129	0.045117
Jan 28, 2017	0.035592	0.049929	0.034053	0.039254
Jan 27, 2017	0.030765	0.035593	0.030569	0.035593
Jan 26, 2017	0.031441	0.031924	0.030425	0.030766
Jan 25, 2017	0.030932	0.031770	0.030559	0.031362
Jan 24, 2017	0.032782	0.032782	0.030921	0.030921
Jan 23, 2017	0.032703	0.035621	0.031094	0.033037
Jan 22, 2017	0.031378	0.032892	0.030345	0.032666
Jan 21, 2017	0.033349	0.033369	0.029622	0.031204
Jan 20, 2017	0.033698	0.033891	0.030639	0.033350
Jan 19, 2017	0.031686	0.035964	0.029891	0.033712
Jan 18, 2017	0.030524	0.033484	0.029345	0.031524
Jan 17, 2017	0.033730	0.033736	0.029657	0.030506
Jan 16, 2017	0.033468	0.034700	0.031300	0.033760
Jan 15, 2017	0.031929	0.036192	0.031203	0.033463
Jan 14, 2017	0.028558	0.035841	0.028558	0.031958
Jan 13, 2017	0.028669	0.029539	0.027780	0.028514
Jan 12, 2017	0.027933	0.029074	0.025064	0.028633
Jan 11, 2017	0.031164	0.031652	0.025995	0.027955
Jan 10, 2017	0.029699	0.032654	0.028471	0.031161
Jan 09, 2017	0.029557	0.031175	0.028328	0.029709
Jan 08, 2017	0.029557	0.031662	0.029342	0.029520
Jan 07, 2017	0.030574	0.032995	0.027948	0.029559
Jan 06, 2017	0.034006	0.034482	0.029752	0.030544
Jan 05, 2017	0.038174	0.039460	0.028458	0.033922
Jan 04, 2017	0.037333	0.040544	0.035647	0.038137
Jan 03, 2017	0.036945	0.037712	0.035026	0.037712
Jan 02, 2017	0.034245	0.039223	0.033896	0.036947
Jan 01, 2017	0.034910	0.036553	0.034035	0.034231
Dec 31, 2016	0.035207	0.036488	0.034102	0.034945
Dec 30, 2016	0.032730	0.035881	0.032310	0.035203
Dec 29, 2016	0.032053	0.034397	0.031943	0.032732
Dec 28, 2016	0.033711	0.035274	0.031658	0.032158
Dec 27, 2016	0.030654	0.036816	0.030530	0.033704
Dec 26, 2016	0.029828	0.031473	0.029198	0.030623
Dec 25, 2016	0.033853	0.033878	0.029400	0.029844
Dec 24, 2016	0.029843	0.034360	0.028947	0.033843
Dec 23, 2016	0.028849	0.030538	0.028738	0.029214
Dec 22, 2016	0.027898	0.031963	0.027783	0.028850
Dec 21, 2016	0.027822	0.030149	0.026313	0.027855
Dec 20, 2016	0.028240	0.029345	0.026696	0.027787
Dec 19, 2016	0.029039	0.030586	0.026978	0.028243
Dec 18, 2016	0.028733	0.031236	0.028587	0.029032
Dec 17, 2016	0.033033	0.033033	0.028449	0.028725
Dec 16, 2016	0.031089	0.034371	0.030190	0.033333
Dec 15, 2016	0.027917	0.035946	0.026670	0.031109
Dec 14, 2016	0.025432	0.028899	0.025270	0.027911
Dec 13, 2016	0.024276	0.026619	0.023929	0.025438
Dec 12, 2016	0.025139	0.025726	0.023873	0.024414
Dec 11, 2016	0.022952	0.027380	0.022851	0.025138
Dec 10, 2016	0.024613	0.024624	0.023069	0.023183
Dec 09, 2016	0.026387	0.028669	0.024359	0.024365
Dec 08, 2016	0.025271	0.027581	0.025005	0.026392
Dec 07, 2016	0.023019	0.027162	0.022311	0.025278
Dec 06, 2016	0.021143	0.024176	0.020632	0.022138
Dec 05, 2016	0.021014	0.021909	0.020656	0.021143
Dec 04, 2016	0.021083	0.021744	0.020577	0.020925
Dec 03, 2016	0.021420	0.022114	0.020909	0.021068
Dec 02, 2016	0.022477	0.023303	0.021128	0.021459
Dec 01, 2016	0.023040	0.023950	0.021877	0.022449
Nov 30, 2016	0.022736	0.026052	0.021452	0.023023
Nov 29, 2016	0.023055	0.023355	0.022047	0.022736
Nov 28, 2016	0.024459	0.024669	0.023049	0.023054
Nov 27, 2016	0.025240	0.025826	0.024430	0.024458
Nov 26, 2016	0.025378	0.026827	0.024869	0.025238
Nov 25, 2016	0.027309	0.028239	0.025392	0.025394
Nov 24, 2016	0.026744	0.028072	0.026104	0.027315
Nov 23, 2016	0.026377	0.029272	0.025917	0.026744
Nov 22, 2016	0.027473	0.027825	0.026332	0.026377
Nov 21, 2016	0.026959	0.027928	0.026942	0.027477
Nov 20, 2016	0.027769	0.028151	0.026307	0.026962
Nov 19, 2016	0.028688	0.028905	0.027023	0.027765
Nov 18, 2016	0.028176	0.029601	0.027947	0.028709
Nov 17, 2016	0.029724	0.029805	0.028227	0.028227
Nov 16, 2016	0.031137	0.031893	0.028600	0.029690
Nov 15, 2016	0.029584	0.032530	0.029115	0.031147
Nov 14, 2016	0.029131	0.031651	0.028386	0.029545
Nov 13, 2016	0.029792	0.033788	0.027114	0.029133
Nov 12, 2016	0.028873	0.031446	0.028521	0.029793
Nov 11, 2016	0.029890	0.030461	0.028374	0.028874
Nov 10, 2016	0.029908	0.030932	0.029228	0.029887
Nov 09, 2016	0.031111	0.031681	0.029543	0.029907
Nov 08, 2016	0.032297	0.032896	0.031000	0.031117
Nov 07, 2016	0.034867	0.037107	0.031934	0.031949
Nov 06, 2016	0.032113	0.038828	0.030009	0.034453
Nov 05, 2016	0.029860	0.034364	0.028384	0.032114
Nov 04, 2016	0.030828	0.031302	0.028351	0.029864
Nov 03, 2016	0.029991	0.034175	0.028807	0.030809
Nov 02, 2016	0.031031	0.031753	0.029795	0.030017
Nov 01, 2016	0.032364	0.033373	0.031020	0.031024
Oct 31, 2016	0.034860	0.034978	0.032366	0.032366
Oct 30, 2016	0.031985	0.034966	0.030833	0.034843
Oct 29, 2016	0.035844	0.036071	0.029646	0.031622
Oct 28, 2016	0.037303	0.038164	0.034699	0.035838
Oct 27, 2016	0.038234	0.040128	0.036239	0.037283
Oct 26, 2016	0.037259	0.041320	0.036438	0.038243
Oct 25, 2016	0.036555	0.039113	0.035356	0.037241
Oct 24, 2016	0.038146	0.038363	0.035898	0.036565
Oct 23, 2016	0.036177	0.039621	0.035649	0.038010
Oct 22, 2016	0.034858	0.037459	0.034858	0.035455
Oct 21, 2016	0.034129	0.035445	0.033571	0.035032
Oct 20, 2016	0.034907	0.035546	0.033780	0.034136
Oct 19, 2016	0.036125	0.036426	0.034074	0.035142
Oct 18, 2016	0.035576	0.036909	0.034617	0.036124
Oct 17, 2016	0.035712	0.035941	0.034785	0.035561
Oct 16, 2016	0.036215	0.037096	0.035616	0.035806
Oct 15, 2016	0.037085	0.038068	0.035781	0.036206
Oct 14, 2016	0.037680	0.038981	0.037040	0.037081
Oct 13, 2016	0.037902	0.039141	0.036915	0.037674
Oct 12, 2016	0.037469	0.039066	0.036301	0.037902
Oct 11, 2016	0.039602	0.041573	0.035988	0.037493
Oct 10, 2016	0.038142	0.040645	0.037029	0.039760
Oct 09, 2016	0.037209	0.039765	0.036261	0.038135
Oct 08, 2016	0.035988	0.039082	0.035821	0.037211
Oct 07, 2016	0.035920	0.037748	0.035734	0.035982
Oct 06, 2016	0.036088	0.036410	0.035535	0.035790
Oct 05, 2016	0.035068	0.038178	0.034633	0.036090
Oct 04, 2016	0.035503	0.037805	0.035366	0.035491
Oct 03, 2016	0.034507	0.036779	0.034436	0.035501
Oct 02, 2016	0.035100	0.035254	0.034421	0.034509
Oct 01, 2016	0.036999	0.037044	0.034691	0.035099
Sep 30, 2016	0.036986	0.037542	0.036049	0.036995
Sep 29, 2016	0.035018	0.037898	0.034609	0.037135
Sep 28, 2016	0.035285	0.036189	0.034152	0.034830
Sep 27, 2016	0.035722	0.037052	0.033935	0.035283
Sep 26, 2016	0.034577	0.036391	0.033893	0.035728
Sep 25, 2016	0.036618	0.036955	0.034364	0.034575
Sep 24, 2016	0.035106	0.036616	0.034732	0.036615
Sep 23, 2016	0.035690	0.036344	0.034863	0.035117
Sep 22, 2016	0.037264	0.037997	0.034957	0.035763
Sep 21, 2016	0.038357	0.038606	0.036595	0.037247
Sep 20, 2016	0.039011	0.041217	0.037208	0.037639
Sep 19, 2016	0.038978	0.039316	0.037252	0.039006
Sep 18, 2016	0.039757	0.041052	0.037026	0.038268
Sep 17, 2016	0.039808	0.041039	0.038671	0.039767
Sep 16, 2016	0.039658	0.042295	0.039102	0.039808
Sep 15, 2016	0.045682	0.046971	0.038469	0.039674
Sep 14, 2016	0.050032	0.051671	0.044611	0.046535
Sep 13, 2016	0.041804	0.059001	0.039495	0.050024
Sep 12, 2016	0.040403	0.042600	0.038898	0.042415
Sep 11, 2016	0.042333	0.044416	0.039443	0.040406
Sep 10, 2016	0.042887	0.044932	0.040131	0.042336
Sep 09, 2016	0.042704	0.045345	0.037791	0.042888
Sep 08, 2016	0.035645	0.045221	0.035112	0.042235
Sep 07, 2016	0.034444	0.036305	0.034394	0.035642
Sep 06, 2016	0.035029	0.036050	0.033638	0.034442
Sep 05, 2016	0.037351	0.038028	0.033759	0.034844
Sep 04, 2016	0.037688	0.039299	0.035168	0.037340
Sep 03, 2016	0.036565	0.042567	0.033501	0.037620
Sep 02, 2016	0.034208	0.040719	0.034208	0.036566
Sep 01, 2016	0.033879	0.036820	0.032371	0.034206
Aug 31, 2016	0.030976	0.036563	0.030839	0.034168
Aug 30, 2016	0.031714	0.031917	0.030490	0.030961
Aug 29, 2016	0.031472	0.032970	0.031142	0.031714
Aug 28, 2016	0.031365	0.032841	0.030465	0.031472
Aug 27, 2016	0.032412	0.032487	0.031279	0.031369
Aug 26, 2016	0.032457	0.032818	0.031285	0.032432
Aug 25, 2016	0.031906	0.032764	0.030900	0.032461
Aug 24, 2016	0.033153	0.033957	0.031896	0.031906
Aug 23, 2016	0.032879	0.033781	0.032366	0.033161
Aug 22, 2016	0.032561	0.034101	0.032264	0.032883
Aug 21, 2016	0.032200	0.033541	0.032168	0.032907
Aug 20, 2016	0.032829	0.033401	0.031433	0.032798
Aug 19, 2016	0.032262	0.033259	0.031578	0.032834
Aug 18, 2016	0.032942	0.033711	0.032231	0.032240
Aug 17, 2016	0.033721	0.034479	0.032738	0.032744
Aug 16, 2016	0.033643	0.034898	0.032964	0.034025
Aug 15, 2016	0.032550	0.035662	0.031750	0.033637
Aug 14, 2016	0.034027	0.034772	0.032363	0.032555
Aug 13, 2016	0.034093	0.034290	0.033531	0.034025
Aug 12, 2016	0.034744	0.034991	0.033197	0.034097
Aug 11, 2016	0.034009	0.035214	0.034009	0.034748
Aug 10, 2016	0.034379	0.035594	0.033410	0.034091
Aug 09, 2016	0.036871	0.036874	0.033519	0.034391
Aug 08, 2016	0.035797	0.036973	0.034480	0.036867
Aug 07, 2016	0.034626	0.037434	0.034183	0.035811
Aug 06, 2016	0.033707	0.035286	0.033366	0.034625
Aug 05, 2016	0.035211	0.035825	0.033624	0.033690
Aug 04, 2016	0.033084	0.036544	0.033084	0.035210
Aug 03, 2016	0.030756	0.035206	0.030695	0.033165
Aug 02, 2016	0.035399	0.036256	0.029914	0.030354
Aug 01, 2016	0.035024	0.036602	0.034056	0.035403
Jul 31, 2016	0.037055	0.037662	0.034743	0.035042
Jul 30, 2016	0.035229	0.041490	0.035210	0.037388
Jul 29, 2016	0.035414	0.036752	0.034908	0.035228
Jul 28, 2016	0.035692	0.036454	0.034867	0.035418
Jul 27, 2016	0.036740	0.037969	0.035127	0.035690
Jul 26, 2016	0.038426	0.039267	0.035902	0.036702
Jul 25, 2016	0.039756	0.041771	0.036942	0.038802
Jul 24, 2016	0.043724	0.044465	0.039768	0.039864
Jul 23, 2016	0.037022	0.043977	0.035705	0.043277
Jul 22, 2016	0.041340	0.042032	0.035480	0.037017
Jul 21, 2016	0.041517	0.042039	0.039902	0.041347
Jul 20, 2016	0.040819	0.042890	0.039238	0.041160
Jul 19, 2016	0.042398	0.042965	0.038823	0.040708
Jul 18, 2016	0.042875	0.043725	0.041298	0.042414
Jul 17, 2016	0.044100	0.046064	0.042147	0.042835
Jul 16, 2016	0.044045	0.046153	0.042248	0.043994
Jul 15, 2016	0.040188	0.046304	0.039973	0.044544
Jul 14, 2016	0.043303	0.043713	0.039904	0.040225
Jul 13, 2016	0.040351	0.043996	0.038943	0.043862
Jul 12, 2016	0.040569	0.043098	0.039631	0.040353
Jul 11, 2016	0.042534	0.044641	0.040096	0.040569
Jul 10, 2016	0.045337	0.046711	0.042040	0.042555
Jul 09, 2016	0.042329	0.049870	0.038960	0.046423
Jul 08, 2016	0.042406	0.045247	0.036849	0.043662
Jul 07, 2016	0.055556	0.056467	0.039186	0.041914
Jul 06, 2016	0.046903	0.059224	0.042757	0.055533
Jul 05, 2016	0.042007	0.048153	0.037816	0.046782
Jul 04, 2016	0.035345	0.045791	0.035259	0.041991
Jul 03, 2016	0.039317	0.039363	0.035302	0.035302
Jul 02, 2016	0.041931	0.041931	0.038494	0.039286
Jul 01, 2016	0.042664	0.043018	0.036713	0.038768
Jun 30, 2016	0.041896	0.044441	0.039329	0.042697
Jun 29, 2016	0.034835	0.043205	0.034645	0.041894
Jun 28, 2016	0.035495	0.035722	0.033097	0.035464
Jun 27, 2016	0.032923	0.036343	0.031846	0.035320
Jun 26, 2016	0.034578	0.035518	0.031835	0.032919
Jun 25, 2016	0.035043	0.036871	0.033074	0.034578
Jun 24, 2016	0.033388	0.036180	0.033269	0.035034
Jun 23, 2016	0.032936	0.035424	0.031914	0.033403
Jun 22, 2016	0.037191	0.038793	0.032703	0.032742
Jun 21, 2016	0.042152	0.042152	0.034862	0.037205
Jun 20, 2016	0.037912	0.046136	0.036756	0.042163
Jun 19, 2016	0.037922	0.038978	0.036108	0.037858
Jun 18, 2016	0.039522	0.040476	0.036980	0.037929
Jun 17, 2016	0.040497	0.048536	0.037970	0.039522
Jun 16, 2016	0.036637	0.040451	0.036637	0.040444
Jun 15, 2016	0.034812	0.037818	0.034370	0.036785
Jun 14, 2016	0.033775	0.037317	0.033775	0.034819
Jun 13, 2016	0.034739	0.036076	0.032909	0.034489
Jun 12, 2016	0.031634	0.035052	0.031055	0.034731
Jun 11, 2016	0.030655	0.033999	0.030655	0.031621
Jun 10, 2016	0.032102	0.032555	0.030569	0.030645
Jun 09, 2016	0.031799	0.032708	0.030653	0.032163
Jun 08, 2016	0.030985	0.032974	0.030985	0.031815
Jun 07, 2016	0.031078	0.032192	0.030578	0.030932
Jun 06, 2016	0.032431	0.032650	0.030883	0.031072
Jun 05, 2016	0.032404	0.032778	0.030983	0.032435
Jun 04, 2016	0.031774	0.034341	0.031774	0.032423
Jun 03, 2016	0.031448	0.032541	0.031208	0.032044
Jun 02, 2016	0.033080	0.033338	0.031374	0.031513
Jun 01, 2016	0.033180	0.033513	0.031910	0.033101
May 31, 2016	0.033897	0.034426	0.032107	0.033183
May 30, 2016	0.036122	0.037946	0.033254	0.033909
May 29, 2016	0.032348	0.040947	0.032348	0.036118
May 28, 2016	0.032803	0.033452	0.029960	0.032360
May 27, 2016	0.030221	0.033862	0.029577	0.032812
May 26, 2016	0.031600	0.031717	0.029864	0.030232
May 25, 2016	0.032063	0.032795	0.031123	0.031603
May 24, 2016	0.031929	0.033941	0.031787	0.032323
May 23, 2016	0.034010	0.034516	0.031881	0.031931
May 22, 2016	0.034353	0.034998	0.033885	0.034015
May 21, 2016	0.034624	0.035725	0.033955	0.034355
May 20, 2016	0.034831	0.035996	0.033816	0.034605
May 19, 2016	0.035731	0.036498	0.034689	0.034869
May 18, 2016	0.035530	0.036985	0.035157	0.035735
May 17, 2016	0.038609	0.038666	0.035015	0.035748
May 16, 2016	0.036082	0.038920	0.035305	0.037674
May 15, 2016	0.033906	0.036137	0.033888	0.036081
May 14, 2016	0.036166	0.036450	0.033904	0.033904
May 13, 2016	0.036424	0.037583	0.035835	0.036167
May 12, 2016	0.038573	0.038573	0.036356	0.036430
May 11, 2016	0.038497	0.038715	0.037623	0.038577
May 10, 2016	0.039385	0.040385	0.037507	0.038495
May 09, 2016	0.038920	0.040536	0.038715	0.039386
May 08, 2016	0.039470	0.040675	0.038666	0.038929
May 07, 2016	0.044425	0.044436	0.039329	0.039469
May 06, 2016	0.045266	0.045465	0.043561	0.044424
May 05, 2016	0.044714	0.045722	0.043839	0.045264
May 04, 2016	0.046545	0.047278	0.044469	0.044714
May 03, 2016	0.050020	0.050620	0.045770	0.046547
May 02, 2016	0.045942	0.054408	0.045536	0.050688
May 01, 2016	0.046266	0.046870	0.045159	0.045914
Apr 30, 2016	0.045785	0.047150	0.045276	0.046266
Apr 29, 2016	0.045878	0.047376	0.043600	0.045793
Apr 28, 2016	0.046950	0.048027	0.045609	0.045886
Apr 27, 2016	0.046351	0.048844	0.045717	0.046570
Apr 26, 2016	0.047546	0.049559	0.045776	0.046344
Apr 25, 2016	0.050710	0.052099	0.045034	0.047560
Apr 24, 2016	0.052959	0.054116	0.049267	0.050699
Apr 23, 2016	0.061543	0.062640	0.052629	0.052958
Apr 22, 2016	0.069973	0.070051	0.060641	0.061544
Apr 21, 2016	0.071013	0.077888	0.062179	0.069963
Apr 20, 2016	0.072665	0.084735	0.071011	0.071011
Apr 19, 2016	0.064583	0.088121	0.060376	0.073164
Apr 18, 2016	0.059872	0.068354	0.059851	0.064508
Apr 17, 2016	0.053628	0.071932	0.053628	0.059858
Apr 16, 2016	0.052563	0.053966	0.051089	0.053538
Apr 15, 2016	0.052382	0.053042	0.050851	0.052571
Apr 14, 2016	0.051235	0.053215	0.049994	0.052380
Apr 13, 2016	0.050742	0.053819	0.050265	0.051232
Apr 12, 2016	0.053671	0.053854	0.050560	0.050744
Apr 11, 2016	0.055535	0.055580	0.052887	0.053669
Apr 10, 2016	0.055350	0.056100	0.051889	0.055528
Apr 09, 2016	0.054915	0.058073	0.054656	0.055346
Apr 08, 2016	0.054329	0.056161	0.053658	0.054912
Apr 07, 2016	0.053357	0.055609	0.052602	0.054326
Apr 06, 2016	0.056460	0.057321	0.053055	0.053266
Apr 05, 2016	0.056846	0.058284	0.055084	0.056455
Apr 04, 2016	0.060748	0.061703	0.055597	0.056147
Apr 03, 2016	0.057357	0.065663	0.057357	0.060711
Apr 02, 2016	0.058997	0.061574	0.057329	0.057351
Apr 01, 2016	0.059089	0.062756	0.058270	0.059001
Mar 31, 2016	0.060606	0.062773	0.058680	0.059094
Mar 30, 2016	0.060316	0.061068	0.058324	0.060604
Mar 29, 2016	0.064675	0.065645	0.058897	0.060322
Mar 28, 2016	0.065706	0.069665	0.059661	0.064739
Mar 27, 2016	0.055419	0.081026	0.055230	0.066173
Mar 26, 2016	0.055919	0.057277	0.052968	0.055418
Mar 25, 2016	0.055892	0.056897	0.052194	0.055928
Mar 24, 2016	0.061106	0.062115	0.055523	0.055699
Mar 23, 2016	0.061853	0.068001	0.059958	0.061114
Mar 22, 2016	0.067300	0.069304	0.059816	0.062062
Mar 21, 2016	0.065582	0.068127	0.062461	0.065155
Mar 20, 2016	0.056770	0.072850	0.056207	0.065879
Mar 19, 2016	0.057848	0.065093	0.056187	0.056964
Mar 18, 2016	0.050684	0.066964	0.049624	0.057659
Mar 17, 2016	0.045861	0.054379	0.045396	0.050705
Mar 16, 2016	0.045844	0.046912	0.044070	0.045779
Mar 15, 2016	0.043027	0.047482	0.043019	0.045839
Mar 14, 2016	0.044878	0.047686	0.042280	0.043237
Mar 13, 2016	0.043444	0.048071	0.043035	0.044856
Mar 12, 2016	0.043648	0.045478	0.041785	0.043451
Mar 11, 2016	0.042080	0.044186	0.040957	0.043649
Mar 10, 2016	0.041636	0.043560	0.039176	0.042005
Mar 09, 2016	0.039998	0.045225	0.039684	0.041529
Mar 08, 2016	0.041262	0.044006	0.039567	0.039996
Mar 07, 2016	0.039175	0.042075	0.038946	0.041261
Mar 06, 2016	0.042895	0.042962	0.038866	0.039180
Mar 05, 2016	0.043154	0.044166	0.039877	0.042907
Mar 04, 2016	0.039544	0.046404	0.038654	0.043188
Mar 03, 2016	0.039503	0.040408	0.037339	0.039521
Mar 02, 2016	0.040095	0.041011	0.036771	0.039521
Mar 01, 2016	0.040220	0.040773	0.036152	0.040086
Feb 29, 2016	0.040340	0.044030	0.039578	0.040211
Feb 28, 2016	0.041523	0.041952	0.037614	0.040481
Feb 27, 2016	0.044109	0.044144	0.041487	0.041525
Feb 26, 2016	0.045732	0.046447	0.042192	0.044097
Feb 25, 2016	0.045999	0.048643	0.043170	0.045735
Feb 24, 2016	0.043633	0.052387	0.043633	0.047857
Feb 23, 2016	0.048301	0.048981	0.043624	0.043625
Feb 22, 2016	0.050845	0.051732	0.046426	0.048277
Feb 21, 2016	0.051946	0.052003	0.046341	0.050861
Feb 20, 2016	0.051532	0.052894	0.050091	0.051980
Feb 19, 2016	0.053817	0.053819	0.048168	0.051520
Feb 18, 2016	0.053264	0.055235	0.048751	0.053813
Feb 17, 2016	0.061013	0.061257	0.050587	0.053267
Feb 16, 2016	0.061120	0.061789	0.058433	0.061046
Feb 15, 2016	0.063708	0.070612	0.058129	0.061132
Feb 14, 2016	0.050095	0.068596	0.050095	0.062242
Feb 13, 2016	0.045784	0.051692	0.045289	0.049903
Feb 12, 2016	0.043521	0.047195	0.043521	0.045950
Feb 11, 2016	0.043462	0.046204	0.042019	0.043521
Feb 10, 2016	0.044699	0.046768	0.043249	0.043459
Feb 09, 2016	0.043242	0.047397	0.041284	0.044616
Feb 08, 2016	0.040325	0.044361	0.040325	0.043241
Feb 07, 2016	0.043541	0.046894	0.039613	0.040327
Feb 06, 2016	0.051028	0.051938	0.042105	0.043540
Feb 05, 2016	0.043615	0.051031	0.042101	0.051007
Feb 04, 2016	0.038440	0.044378	0.037699	0.043610
Feb 03, 2016	0.038837	0.042836	0.037338	0.038444
Feb 02, 2016	0.038283	0.039350	0.034876	0.038838
Feb 01, 2016	0.035031	0.043426	0.033224	0.038240
Jan 31, 2016	0.037485	0.039935	0.030324	0.035031
Jan 30, 2016	0.040977	0.046569	0.036746	0.037482
Jan 29, 2016	0.058798	0.058798	0.037471	0.040988
Jan 28, 2016	0.108660	0.110650	0.057317	0.058735
Jan 27, 2016	0.045742	0.114313	0.044063	0.106709
Jan 26, 2016	0.022280	0.046583	0.022152	0.044365
Jan 25, 2016	0.022428	0.024118	0.021816	0.022249
Jan 24, 2016	0.023471	0.023902	0.021093	0.022391
Jan 23, 2016	0.019580	0.024168	0.019579	0.023474
Jan 22, 2016	0.020886	0.021562	0.019566	0.019578
Jan 21, 2016	0.021152	0.021378	0.020198	0.020847
Jan 20, 2016	0.019644	0.021246	0.019215	0.021182
Jan 19, 2016	0.020141	0.021166	0.019649	0.019770
Jan 18, 2016	0.020122	0.021703	0.019679	0.020114
Jan 17, 2016	0.020936	0.021849	0.019777	0.020131
Jan 16, 2016	0.020671	0.022093	0.019128	0.020943
Jan 15, 2016	0.026397	0.026397	0.020675	0.020675
Jan 14, 2016	0.022800	0.026474	0.021378	0.025679
Jan 13, 2016	0.025193	0.025380	0.020895	0.022801
Jan 12, 2016	0.019077	0.027542	0.018634	0.026081
Jan 11, 2016	0.019358	0.020171	0.018902	0.019077
Jan 10, 2016	0.019597	0.019608	0.018235	0.019321
Jan 09, 2016	0.018181	0.019699	0.018058	0.019597
Jan 08, 2016	0.018651	0.019171	0.017352	0.018167
Jan 07, 2016	0.018295	0.018800	0.018143	0.018651
Jan 06, 2016	0.019865	0.019891	0.017316	0.018325
Jan 05, 2016	0.021222	0.021307	0.019205	0.019977
Jan 04, 2016	0.022400	0.024362	0.021413	0.021428
Jan 03, 2016	0.020438	0.024535	0.020268	0.022520
Jan 02, 2016	0.021367	0.022135	0.019893	0.020426
Jan 01, 2016	0.022282	0.023388	0.020952	0.021256
Dec 31, 2015	0.020926	0.022948	0.020091	0.022280
Dec 30, 2015	0.020846	0.021503	0.020353	0.020915
Dec 29, 2015	0.021595	0.021608	0.020549	0.020821
Dec 28, 2015	0.022113	0.022424	0.020920	0.021510
Dec 27, 2015	0.020440	0.022131	0.020305	0.022086
Dec 26, 2015	0.020886	0.022056	0.019439	0.021455
Dec 25, 2015	0.020349	0.021116	0.020136	0.020662
Dec 24, 2015	0.020283	0.021607	0.020283	0.021063
Dec 23, 2015	0.020663	0.022322	0.020272	0.020272
Dec 22, 2015	0.020406	0.021463	0.020354	0.020675
Dec 21, 2015	0.022239	0.022505	0.019662	0.020380
Dec 20, 2015	0.025306	0.025311	0.022231	0.022231
Dec 19, 2015	0.023061	0.026056	0.022953	0.025209
Dec 18, 2015	0.023950	0.024100	0.022153	0.023064
Dec 17, 2015	0.023548	0.026316	0.023059	0.024080
Dec 16, 2015	0.025765	0.025937	0.023226	0.023801
Dec 15, 2015	0.025387	0.026398	0.024117	0.025736
Dec 14, 2015	0.024551	0.026219	0.023455	0.025392
Dec 13, 2015	0.029186	0.029589	0.023878	0.024565
Dec 12, 2015	0.028798	0.030562	0.023849	0.029249
Dec 11, 2015	0.022449	0.036917	0.021975	0.029893
Dec 10, 2015	0.023800	0.024615	0.022027	0.022452
Dec 09, 2015	0.023117	0.023798	0.021002	0.023798
Dec 08, 2015	0.021179	0.023490	0.020808	0.023022
Dec 07, 2015	0.027826	0.027826	0.020990	0.021184
Dec 06, 2015	0.020571	0.029944	0.020508	0.028010
Dec 05, 2015	0.020286	0.020961	0.019744	0.020591
Dec 04, 2015	0.020307	0.020504	0.019443	0.020258
Dec 03, 2015	0.019831	0.023276	0.019714	0.020310
Dec 02, 2015	0.019469	0.019997	0.018817	0.019795
Dec 01, 2015	0.020408	0.020540	0.018748	0.019495
Nov 30, 2015	0.022473	0.022627	0.017026	0.020410
Nov 29, 2015	0.021406	0.023576	0.021045	0.022446
Nov 28, 2015	0.021757	0.023431	0.021216	0.021368
Nov 27, 2015	0.022353	0.023110	0.021837	0.021840
Nov 26, 2015	0.021662	0.024024	0.021572	0.022410
Nov 25, 2015	0.021461	0.022239	0.020653	0.021670
Nov 24, 2015	0.021270	0.024236	0.020741	0.021459
Nov 23, 2015	0.021998	0.021998	0.020783	0.021268
Nov 22, 2015	0.022424	0.022987	0.021664	0.021984
Nov 21, 2015	0.023910	0.023916	0.019498	0.022466
Nov 20, 2015	0.023795	0.023958	0.022969	0.023893
Nov 19, 2015	0.022264	0.023939	0.022264	0.023793
Nov 18, 2015	0.024106	0.025542	0.022260	0.022262
Nov 17, 2015	0.023850	0.024528	0.022354	0.024106
Nov 16, 2015	0.022760	0.024179	0.020363	0.023852
Nov 15, 2015	0.025391	0.025408	0.017461	0.022770
Nov 14, 2015	0.025444	0.025712	0.024243	0.025387
Nov 13, 2015	0.026870	0.028230	0.023749	0.025437
Nov 12, 2015	0.028668	0.030941	0.022690	0.026875
Nov 11, 2015	0.028773	0.030210	0.027571	0.028660
Nov 10, 2015	0.030814	0.031974	0.028729	0.028764
Nov 09, 2015	0.031632	0.032697	0.030667	0.030835
Nov 08, 2015	0.033586	0.033586	0.031469	0.031592
Nov 07, 2015	0.033463	0.034871	0.032951	0.033600
Nov 06, 2015	0.034107	0.034777	0.031844	0.033430
Nov 05, 2015	0.035525	0.036732	0.031335	0.034082
Nov 04, 2015	0.035583	0.038856	0.034143	0.035390
Nov 03, 2015	0.036855	0.037436	0.032670	0.035564
Nov 02, 2015	0.032930	0.035769	0.032296	0.035752
Nov 01, 2015	0.034262	0.035643	0.032382	0.032936
Oct 31, 2015	0.034257	0.038645	0.034257	0.035284
Oct 30, 2015	0.033718	0.038826	0.031303	0.034255
Oct 29, 2015	0.029857	0.033919	0.027496	0.033722
Oct 28, 2015	0.028480	0.030647	0.028157	0.029862
Oct 27, 2015	0.028338	0.029311	0.027025	0.028485
Oct 26, 2015	0.029870	0.030196	0.028066	0.028337
Oct 25, 2015	0.029588	0.030912	0.029533	0.029842
Oct 24, 2015	0.030795	0.031827	0.029007	0.029603
Oct 23, 2015	0.033406	0.033434	0.030751	0.030796
Oct 22, 2015	0.032579	0.033438	0.029458	0.033393
Oct 21, 2015	0.032132	0.032527	0.031042	0.032424
Oct 20, 2015	0.031960	0.032674	0.031738	0.032085
Oct 19, 2015	0.033299	0.033324	0.031931	0.031962
Oct 18, 2015	0.033383	0.034108	0.032441	0.033301
Oct 17, 2015	0.034507	0.035206	0.033151	0.033419
Oct 16, 2015	0.034965	0.035102	0.033849	0.034490
Oct 15, 2015	0.035575	0.036609	0.034953	0.034977
Oct 14, 2015	0.034910	0.036006	0.033146	0.035571
Oct 13, 2015	0.038148	0.038148	0.034569	0.034898
Oct 12, 2015	0.036480	0.040859	0.035936	0.038185
Oct 11, 2015	0.033654	0.041015	0.032664	0.036489
Oct 10, 2015	0.033023	0.034225	0.031899	0.033653
Oct 09, 2015	0.035867	0.035924	0.032991	0.033026
Oct 08, 2015	0.033606	0.037672	0.032033	0.035870
Oct 07, 2015	0.037919	0.038549	0.033844	0.033875
Oct 06, 2015	0.037966	0.038930	0.036697	0.038023
Oct 05, 2015	0.041250	0.041297	0.037807	0.037949
Oct 04, 2015	0.043044	0.043044	0.039335	0.041235
Oct 03, 2015	0.043377	0.043377	0.041037	0.043029
Oct 02, 2015	0.042630	0.043578	0.041865	0.043403
Oct 01, 2015	0.042788	0.043655	0.042282	0.042630
Sep 30, 2015	0.044368	0.044657	0.042684	0.042791
Sep 29, 2015	0.044721	0.046264	0.043621	0.044350
Sep 28, 2015	0.045584	0.046119	0.044379	0.044942
Sep 27, 2015	0.046112	0.047423	0.043350	0.045586
Sep 26, 2015	0.046758	0.047366	0.043648	0.046272
Sep 25, 2015	0.047475	0.049846	0.045150	0.046636
Sep 24, 2015	0.047136	0.049573	0.045664	0.047475
Sep 23, 2015	0.045240	0.050972	0.043086	0.047589
Sep 22, 2015	0.050503	0.051122	0.040688	0.045246
Sep 21, 2015	0.049965	0.056193	0.049922	0.050691
Sep 20, 2015	0.049137	0.052477	0.049086	0.049968
Sep 19, 2015	0.049158	0.050221	0.048300	0.049131
Sep 18, 2015	0.050135	0.053347	0.048636	0.049202
Sep 17, 2015	0.052629	0.053624	0.050043	0.050043
Sep 16, 2015	0.054809	0.056285	0.049787	0.052629
Sep 15, 2015	0.051859	0.057519	0.051850	0.054814
Sep 14, 2015	0.052956	0.056303	0.047950	0.051867
Sep 13, 2015	0.057124	0.058951	0.052979	0.052979
Sep 12, 2015	0.059627	0.061136	0.056889	0.057118
Sep 11, 2015	0.059514	0.061998	0.057985	0.059632
Sep 10, 2015	0.067725	0.068632	0.055387	0.059525
Sep 09, 2015	0.063604	0.072857	0.060158	0.067738
Sep 08, 2015	0.065982	0.065982	0.060230	0.063642
Sep 07, 2015	0.075537	0.082736	0.062415	0.065944
Sep 06, 2015	0.081689	0.083179	0.071594	0.075518
Sep 05, 2015	0.073193	0.100091	0.073180	0.081677
Sep 04, 2015	0.078874	0.081487	0.072534	0.072775
Sep 03, 2015	0.071365	0.098523	0.071320	0.078869
Sep 02, 2015	0.071673	0.088829	0.062494	0.071364
Sep 01, 2015	0.075590	0.078418	0.071285	0.071648
Aug 31, 2015	0.092403	0.101197	0.064947	0.075582
Aug 30, 2015	0.062716	0.108869	0.062716	0.092394
Aug 29, 2015	0.042292	0.080088	0.032713	0.062720
Aug 28, 2015	0.047067	0.048198	0.040218	0.042304
Aug 27, 2015	0.046807	0.049760	0.046807	0.047062
Aug 26, 2015	0.047077	0.048804	0.045551	0.046785
Aug 25, 2015	0.048517	0.048884	0.045311	0.047084
Aug 24, 2015	0.053585	0.054193	0.048462	0.048577
Aug 23, 2015	0.055943	0.059208	0.051526	0.053604
Aug 22, 2015	0.058415	0.064386	0.055605	0.055943
Aug 21, 2015	0.051108	0.064434	0.046979	0.058405
Aug 20, 2015	0.047691	0.051348	0.045691	0.051126
Aug 19, 2015	0.055303	0.059020	0.041806	0.047683
Aug 18, 2015	0.059797	0.061201	0.055427	0.055427
Aug 17, 2015	0.061579	0.063299	0.059534	0.059789
Aug 16, 2015	0.060898	0.066187	0.060854	0.061390
Aug 15, 2015	0.059295	0.067931	0.058284	0.060899
Aug 14, 2015	0.056670	0.062542	0.056253	0.059282
Aug 13, 2015	0.061259	0.061259	0.056225	0.056225
Aug 12, 2015	0.062778	0.063779	0.059490	0.061266
Aug 11, 2015	0.065510	0.065550	0.059111	0.062797
Aug 10, 2015	0.061568	0.066210	0.058261	0.062979
Aug 09, 2015	0.062897	0.065976	0.062359	0.062830
Aug 08, 2015	0.061634	0.067328	0.061438	0.062817
Aug 07, 2015	0.065909	0.067398	0.061376	0.061758
Aug 06, 2015	0.069761	0.071903	0.063959	0.065151
Aug 05, 2015	0.077712	0.077733	0.069657	0.069752
Aug 04, 2015	0.079866	0.085338	0.076462	0.077721
Aug 03, 2015	0.065841	0.079917	0.065131	0.079877
Aug 02, 2015	0.067313	0.073637	0.065410	0.065846
Aug 01, 2015	0.064008	0.077484	0.058293	0.067346
Jul 31, 2015	0.070871	0.071019	0.063129	0.064000
Jul 30, 2015	0.069740	0.070346	0.062511	0.070346
Jul 29, 2015	0.071965	0.071982	0.068845	0.069739
Jul 28, 2015	0.074817	0.077147	0.070939	0.071958
Jul 27, 2015	0.076944	0.077907	0.073391	0.074808
Jul 26, 2015	0.077264	0.079608	0.075290	0.076931
Jul 25, 2015	0.080208	0.082046	0.076318	0.077298
Jul 24, 2015	0.084036	0.086151	0.078528	0.080211
Jul 23, 2015	0.077162	0.092115	0.072922	0.084021
Jul 22, 2015	0.076697	0.082964	0.069738	0.077621
Jul 21, 2015	0.069341	0.082838	0.062018	0.076644
Jul 20, 2015	0.071443	0.071465	0.065498	0.069289
Jul 19, 2015	0.073374	0.074942	0.061239	0.071423
Jul 18, 2015	0.069924	0.074515	0.069553	0.073348
Jul 17, 2015	0.083268	0.083331	0.069683	0.070394
Jul 16, 2015	0.089428	0.090349	0.075193	0.083265
Jul 15, 2015	0.097120	0.098253	0.088371	0.089464
Jul 14, 2015	0.096035	0.099778	0.094001	0.095963
Jul 13, 2015	0.098947	0.106748	0.094714	0.096087
Jul 12, 2015	0.097585	0.102295	0.096068	0.098998
Jul 11, 2015	0.102251	0.106081	0.097323	0.097577
Jul 10, 2015	0.098228	0.111438	0.095388	0.102264
Jul 09, 2015	0.088130	0.108936	0.086442	0.098241
Jul 08, 2015	0.093241	0.094064	0.085781	0.088061
Jul 07, 2015	0.094136	0.094304	0.088759	0.093249
Jul 06, 2015	0.096173	0.098017	0.089556	0.094135
Jul 05, 2015	0.097317	0.098766	0.090810	0.096230
Jul 04, 2015	0.098970	0.099121	0.095277	0.097326
Jul 03, 2015	0.097811	0.105174	0.095144	0.098948
Jul 02, 2015	0.097670	0.100771	0.092299	0.098034
Jul 01, 2015	0.122505	0.123106	0.096058	0.097766
Jun 30, 2015	0.148745	0.148745	0.114630	0.122732
Jun 29, 2015	0.147540	0.157524	0.145550	0.149204
Jun 28, 2015	0.164643	0.168037	0.148001	0.148001
Jun 27, 2015	0.164373	0.170507	0.163472	0.164884
Jun 26, 2015	0.181046	0.189352	0.155194	0.164356
Jun 25, 2015	0.169082	0.184122	0.169042	0.181009
Jun 24, 2015	0.198075	0.200496	0.169294	0.169571
Jun 23, 2015	0.207988	0.208681	0.194400	0.198124
Jun 22, 2015	0.204837	0.218064	0.199770	0.208039
Jun 21, 2015	0.200512	0.212074	0.188827	0.204805
Jun 20, 2015	0.210437	0.217061	0.196132	0.199731
Jun 19, 2015	0.251342	0.262700	0.202458	0.209763
Jun 18, 2015	0.159882	0.265584	0.157199	0.251232
Jun 17, 2015	0.160723	0.167731	0.157266	0.159786
Jun 16, 2015	0.157930	0.170579	0.153062	0.161056
Jun 15, 2015	0.158448	0.162751	0.147839	0.157452
Jun 14, 2015	0.190719	0.194475	0.141933	0.158661
Jun 13, 2015	0.217071	0.227441	0.182666	0.193418
Jun 12, 2015	0.321437	0.337166	0.192143	0.217130
Jun 11, 2015	0.411252	0.571042	0.225731	0.321532
Jun 10, 2015	0.279396	0.421983	0.278322	0.414246
Jun 09, 2015	0.238261	0.279125	0.235949	0.279125
Jun 08, 2015	0.171156	0.261230	0.170746	0.238152
Jun 07, 2015	0.172630	0.189758	0.156635	0.171452
Jun 06, 2015	0.180683	0.185519	0.164923	0.173012
Jun 05, 2015	0.108884	0.221694	0.108780	0.179290
Jun 04, 2015	0.107963	0.114846	0.104884	0.110763
Jun 03, 2015	0.111408	0.121451	0.107265	0.107930
Jun 02, 2015	0.107886	0.120956	0.105103	0.111416
Jun 01, 2015	0.095020	0.123024	0.094145	0.102972
May 31, 2015	0.140213	0.142014	0.092807	0.094934
May 30, 2015	0.142969	0.152475	0.130855	0.140290
May 29, 2015	0.135221	0.161904	0.131206	0.143423
May 28, 2015	0.147891	0.197922	0.122088	0.135211
May 27, 2015	0.088287	0.180657	0.088287	0.145163
May 26, 2015	0.065809	0.096410	0.065463	0.088331
May 25, 2015	0.081027	0.086449	0.057918	0.065801
May 24, 2015	0.080913	0.095918	0.077835	0.081015
May 23, 2015	0.044495	0.108443	0.043449	0.080925
May 22, 2015	0.033165	0.048216	0.032770	0.046133
May 21, 2015	0.020980	0.040189	0.019638	0.033521
May 20, 2015	0.023624	0.027335	0.018493	0.020975
May 19, 2015	0.014179	0.034143	0.013939	0.023169
May 18, 2015	0.011685	0.014858	0.011426	0.014173
May 17, 2015	0.012513	0.013489	0.011549	0.011685
May 16, 2015	0.012500	0.014069	0.012109	0.012553
May 15, 2015	0.011341	0.013652	0.010698	0.012612
May 14, 2015	0.009554	0.012244	0.008961	0.011344
May 13, 2015	0.008338	0.010009	0.007909	0.009560
May 12, 2015	0.007446	0.009165	0.007445	0.008334
May 11, 2015	0.006842	0.008071	0.006390	0.007441
May 10, 2015	0.006661	0.007113	0.006401	0.006851
May 09, 2015	0.006676	0.006848	0.006391	0.006666
May 08, 2015	0.006768	0.006931	0.006545	0.006679
May 07, 2015	0.006580	0.006885	0.006242	0.006764
May 06, 2015	0.006325	0.008697	0.005343	0.006570
May 05, 2015	0.006326	0.006570	0.006032	0.006292
May 04, 2015	0.007159	0.007173	0.006149	0.006350
May 03, 2015	0.006550	0.007160	0.006550	0.007157
May 02, 2015	0.007076	0.007194	0.006476	0.006553
May 01, 2015	0.007120	0.007303	0.007012	0.007079
Apr 30, 2015	0.007227	0.007488	0.007061	0.007115
Apr 29, 2015	0.007023	0.008695	0.006926	0.007246
Apr 28, 2015	0.007577	0.007754	0.006900	0.007021
Apr 27, 2015	0.007231	0.007889	0.007116	0.007575
Apr 26, 2015	0.007947	0.007980	0.006969	0.007182
Apr 25, 2015	0.008993	0.009179	0.007498	0.007745
Apr 24, 2015	0.008781	0.009030	0.008441	0.008992
Apr 23, 2015	0.008957	0.008957	0.008125	0.008774
Apr 22, 2015	0.008845	0.009938	0.008679	0.008946
Apr 21, 2015	0.008975	0.008975	0.008304	0.008814
Apr 20, 2015	0.008476	0.009355	0.008416	0.008994
Apr 19, 2015	0.008754	0.009283	0.008290	0.008477
Apr 18, 2015	0.008722	0.009151	0.008293	0.008756
Apr 17, 2015	0.008860	0.008961	0.008296	0.008725
Apr 16, 2015	0.008348	0.009055	0.008348	0.008861
Apr 15, 2015	0.008377	0.008714	0.007671	0.008342
Apr 14, 2015	0.008656	0.009069	0.008280	0.008378
Apr 13, 2015	0.009195	0.009227	0.008597	0.008673
Apr 12, 2015	0.009383	0.009465	0.009166	0.009192
Apr 11, 2015	0.009633	0.009702	0.009293	0.009386
Apr 10, 2015	0.010311	0.010373	0.009435	0.009625
Apr 09, 2015	0.009902	0.010722	0.009621	0.010314
Apr 08, 2015	0.010143	0.010250	0.009606	0.009908
Apr 07, 2015	0.010112	0.011074	0.010072	0.010169
Apr 06, 2015	0.010434	0.010505	0.010096	0.010113
Apr 05, 2015	0.010390	0.010574	0.010141	0.010428
Apr 04, 2015	0.010341	0.010521	0.010122	0.010396
Apr 03, 2015	0.010452	0.010570	0.010217	0.010341
Apr 02, 2015	0.010120	0.010453	0.010015	0.010450
Apr 01, 2015	0.010451	0.010624	0.009975	0.010120
Mar 31, 2015	0.011524	0.011767	0.010222	0.010447
Mar 30, 2015	0.009682	0.011647	0.009597	0.011530
Mar 29, 2015	0.010061	0.010073	0.009551	0.009679
Mar 28, 2015	0.010269	0.010294	0.010013	0.010064
Mar 27, 2015	0.010256	0.010480	0.009999	0.010271
Mar 26, 2015	0.010134	0.010924	0.009908	0.010256
Mar 25, 2015	0.010186	0.010613	0.009882	0.010129
Mar 24, 2015	0.010893	0.011120	0.010044	0.010163
Mar 23, 2015	0.010902	0.011193	0.010690	0.010826
Mar 22, 2015	0.010798	0.010951	0.010570	0.010910
Mar 21, 2015	0.010445	0.010932	0.010205	0.010831
Mar 20, 2015	0.010586	0.011007	0.010413	0.010495
Mar 19, 2015	0.010381	0.011222	0.009981	0.010578
Mar 18, 2015	0.011624	0.011624	0.010141	0.010348
Mar 17, 2015	0.010942	0.011856	0.010896	0.011622
Mar 16, 2015	0.011313	0.012092	0.010788	0.010940
Mar 15, 2015	0.011299	0.011869	0.010484	0.011383
Mar 14, 2015	0.011466	0.011667	0.011282	0.011312
Mar 13, 2015	0.011746	0.012028	0.011506	0.011506
Mar 12, 2015	0.012179	0.012675	0.011727	0.011759
Mar 11, 2015	0.012906	0.013217	0.012181	0.012183
Mar 10, 2015	0.013104	0.013922	0.012901	0.012904
Mar 09, 2015	0.013137	0.013601	0.012975	0.013115
Mar 08, 2015	0.015858	0.018345	0.013019	0.013137
Mar 07, 2015	0.014459	0.019650	0.014423	0.015835
Mar 06, 2015	0.017400	0.017579	0.014068	0.014452
Mar 05, 2015	0.014717	0.019071	0.014657	0.017387
Mar 04, 2015	0.015433	0.016870	0.014196	0.014738
Mar 03, 2015	0.015081	0.015471	0.014293	0.015471
Mar 02, 2015	0.013716	0.015383	0.013403	0.015076
Mar 01, 2015	0.014555	0.014902	0.012699	0.013725
Feb 28, 2015	0.015781	0.016542	0.013438	0.014554
Feb 27, 2015	0.015252	0.019567	0.015251	0.015873
Feb 26, 2015	0.017077	0.017084	0.014694	0.015261
Feb 25, 2015	0.015570	0.017865	0.015289	0.017068
Feb 24, 2015	0.016009	0.016117	0.014992	0.015574
Feb 23, 2015	0.016288	0.016543	0.015292	0.016001
Feb 22, 2015	0.017745	0.018308	0.015970	0.016296
Feb 21, 2015	0.017979	0.019431	0.017166	0.017734
Feb 20, 2015	0.016497	0.018174	0.016182	0.018001
Feb 19, 2015	0.015432	0.017378	0.015215	0.016526
Feb 18, 2015	0.015631	0.015911	0.014637	0.015413
Feb 17, 2015	0.015318	0.017977	0.015236	0.015606
Feb 16, 2015	0.014657	0.015581	0.014124	0.015311
Feb 15, 2015	0.016665	0.017194	0.014448	0.014588
Feb 14, 2015	0.015804	0.017164	0.015062	0.016690
Feb 13, 2015	0.014879	0.016472	0.014879	0.015807
Feb 12, 2015	0.014415	0.014896	0.014213	0.014866
Feb 11, 2015	0.015004	0.017569	0.014396	0.014404
Feb 10, 2015	0.014258	0.015306	0.014122	0.015018
Feb 09, 2015	0.014199	0.014860	0.013579	0.014142
Feb 08, 2015	0.014702	0.015547	0.013510	0.014192
Feb 07, 2015	0.013379	0.014575	0.013104	0.014575
Feb 06, 2015	0.015828	0.015860	0.013378	0.013378
Feb 05, 2015	0.020064	0.020067	0.015126	0.015761
Feb 04, 2015	0.013910	0.024429	0.013881	0.020063
Feb 03, 2015	0.012249	0.014386	0.012186	0.013902
Feb 02, 2015	0.012743	0.013258	0.011476	0.012262
Feb 01, 2015	0.011066	0.013926	0.010420	0.012769
Jan 31, 2015	0.010959	0.011296	0.010364	0.011093
Jan 30, 2015	0.010750	0.011671	0.010417	0.010958
Jan 29, 2015	0.009911	0.011313	0.009417	0.010784
Jan 28, 2015	0.011290	0.011398	0.009661	0.009931
Jan 27, 2015	0.011107	0.011525	0.010446	0.011293
Jan 26, 2015	0.011274	0.013194	0.010868	0.011121
Jan 25, 2015	0.011866	0.012326	0.010954	0.011301
Jan 24, 2015	0.010159	0.011979	0.010071	0.011867
Jan 23, 2015	0.011333	0.011344	0.009987	0.010163
Jan 22, 2015	0.011225	0.011736	0.010950	0.011329
Jan 21, 2015	0.009426	0.011326	0.009364	0.011261
Jan 20, 2015	0.010032	0.010099	0.009360	0.009511
Jan 19, 2015	0.010382	0.010880	0.009749	0.010090
Jan 18, 2015	0.009985	0.010877	0.009708	0.010327
Jan 17, 2015	0.010520	0.010862	0.009903	0.009949
Jan 16, 2015	0.011452	0.011976	0.010325	0.010533
Jan 15, 2015	0.008938	0.012904	0.008938	0.011495
Jan 14, 2015	0.010916	0.011360	0.008641	0.008996
Jan 13, 2015	0.013121	0.013135	0.010324	0.011001
Jan 12, 2015	0.014515	0.015151	0.013321	0.013425
Jan 11, 2015	0.014684	0.015652	0.013418	0.014495
Jan 10, 2015	0.016639	0.016639	0.014427	0.014691
Jan 09, 2015	0.015757	0.016705	0.015244	0.016639
Jan 08, 2015	0.016994	0.017434	0.015540	0.015848
Jan 07, 2015	0.016604	0.017618	0.015752	0.017000
Jan 06, 2015	0.015855	0.017040	0.014785	0.016607
Jan 05, 2015	0.015317	0.016205	0.014735	0.015847
Jan 04, 2015	0.016894	0.017307	0.014660	0.015268
Jan 03, 2015	0.020419	0.020419	0.016894	0.016894
Jan 02, 2015	0.019101	0.021159	0.018848	0.020452
Jan 01, 2015	0.021110	0.021164	0.018556	0.019111
Dec 31, 2014	0.024945	0.025208	0.017838	0.021094
Dec 30, 2014	0.023214	0.025593	0.023206	0.024743
Dec 29, 2014	0.022919	0.023353	0.021496	0.023203
Dec 28, 2014	0.022684	0.023771	0.022188	0.022887
Dec 27, 2014	0.023715	0.024883	0.022087	0.022209
Dec 26, 2014	0.022591	0.024498	0.021807	0.023735
Dec 25, 2014	0.022348	0.023810	0.021612	0.022582
Dec 24, 2014	0.024085	0.025892	0.021494	0.022365
Dec 23, 2014	0.022277	0.024283	0.021109	0.024092
Dec 22, 2014	0.023313	0.024724	0.021276	0.022282
Dec 21, 2014	0.028228	0.028547	0.023283	0.023297
Dec 20, 2014	0.027418	0.029598	0.027400	0.028261
Dec 19, 2014	0.027338	0.028284	0.026018	0.027436
Dec 18, 2014	0.032109	0.032737	0.025685	0.027348
Dec 17, 2014	0.037988	0.038402	0.029012	0.032027
Dec 16, 2014	0.041513	0.045275	0.036354	0.037853
Dec 15, 2014	0.046540	0.046925	0.041012	0.041463
Dec 14, 2014	0.046820	0.047630	0.041280	0.045498
Dec 13, 2014	0.047600	0.048716	0.046102	0.047102
Dec 12, 2014	0.046817	0.048198	0.046817	0.047196
Dec 11, 2014	0.050180	0.052838	0.048554	0.052838
Dec 10, 2014	0.047926	0.051783	0.047526	0.050682
Dec 09, 2014	0.050131	0.050131	0.045990	0.047928
Dec 08, 2014	0.052314	0.052370	0.048951	0.049970
Dec 07, 2014	0.052655	0.053028	0.051214	0.052211
Dec 06, 2014	0.056815	0.057607	0.051785	0.052597
Dec 05, 2014	0.064397	0.070009	0.056799	0.056829
Dec 04, 2014	0.049422	0.064754	0.047922	0.064622
Dec 03, 2014	0.050073	0.050373	0.044943	0.049332
Dec 02, 2014	0.049601	0.050416	0.049250	0.050024
Dec 01, 2014	0.051405	0.052915	0.049051	0.049385
Nov 30, 2014	0.050468	0.052821	0.049151	0.051378
Nov 29, 2014	0.048565	0.051167	0.048241	0.050466
Nov 28, 2014	0.051785	0.052439	0.047066	0.048615
Nov 27, 2014	0.052143	0.052935	0.049644	0.051826
Nov 26, 2014	0.051441	0.053045	0.049582	0.051861
Nov 25, 2014	0.049297	0.054482	0.048866	0.051350
Nov 24, 2014	0.048586	0.050970	0.047583	0.049295
Nov 23, 2014	0.047302	0.049871	0.047302	0.048700
Nov 22, 2014	0.049772	0.051532	0.047091	0.047271
Nov 21, 2014	0.056693	0.056693	0.049468	0.049665
Nov 20, 2014	0.051870	0.056687	0.047809	0.056687
Nov 19, 2014	0.051904	0.054873	0.051185	0.051912
Nov 18, 2014	0.055418	0.055970	0.051786	0.052041
Nov 17, 2014	0.058058	0.060451	0.054232	0.055372
Nov 16, 2014	0.058878	0.060484	0.055353	0.057991
Nov 15, 2014	0.068072	0.069922	0.058906	0.059096
Nov 14, 2014	0.067620	0.069381	0.057702	0.067768
Nov 13, 2014	0.058305	0.071914	0.058305	0.067342
Nov 12, 2014	0.055167	0.059514	0.053052	0.058031
Nov 11, 2014	0.058065	0.058860	0.054779	0.055124
Nov 10, 2014	0.058942	0.059437	0.057387	0.058531
Nov 09, 2014	0.056435	0.059278	0.056219	0.059086
Nov 08, 2014	0.059286	0.060634	0.056276	0.056450
Nov 07, 2014	0.055411	0.061122	0.054784	0.059331
Nov 06, 2014	0.059294	0.059294	0.055270	0.055494
Nov 05, 2014	0.056258	0.060268	0.054915	0.059300
Nov 04, 2014	0.051450	0.059220	0.051093	0.056226
Nov 03, 2014	0.052283	0.053581	0.051324	0.051479
Nov 02, 2014	0.054954	0.055997	0.050318	0.052286
Nov 01, 2014	0.059618	0.060969	0.053264	0.054915
Oct 31, 2014	0.061630	0.062237	0.056811	0.059501
Oct 30, 2014	0.060062	0.062749	0.059288	0.061681
Oct 29, 2014	0.064536	0.064536	0.060429	0.061112
Oct 28, 2014	0.064088	0.065301	0.062639	0.064631
Oct 27, 2014	0.061810	0.065546	0.061117	0.063976
Oct 26, 2014	0.059865	0.063410	0.057309	0.061801
Oct 25, 2014	0.063578	0.063654	0.054362	0.059831
Oct 24, 2014	0.071675	0.072581	0.063431	0.063536
Oct 23, 2014	0.074697	0.077812	0.070838	0.071199
Oct 22, 2014	0.074202	0.078500	0.069252	0.074733
Oct 21, 2014	0.073081	0.078331	0.072617	0.074265
Oct 20, 2014	0.075065	0.076537	0.073155	0.073727
Oct 19, 2014	0.077141	0.077956	0.074521	0.075163
Oct 18, 2014	0.073771	0.077521	0.071323	0.077173
Oct 17, 2014	0.068245	0.073843	0.067589	0.073090
Oct 16, 2014	0.066337	0.068864	0.063149	0.068214
Oct 15, 2014	0.060928	0.068470	0.060928	0.066718
Oct 14, 2014	0.067327	0.068649	0.060642	0.061277
Oct 13, 2014	0.064014	0.068699	0.061724	0.067142
Oct 12, 2014	0.061516	0.065815	0.058612	0.064198
Oct 11, 2014	0.053324	0.067414	0.051844	0.061467
Oct 10, 2014	0.051892	0.057535	0.051892	0.053352
Oct 09, 2014	0.043742	0.053505	0.043460	0.051937
Oct 08, 2014	0.040574	0.044144	0.039688	0.043729
Oct 07, 2014	0.044615	0.047269	0.039719	0.040590
Oct 06, 2014	0.040441	0.047011	0.038420	0.044601
Oct 05, 2014	0.046906	0.048759	0.037613	0.040458
Oct 04, 2014	0.051151	0.051191	0.046406	0.046901
Oct 03, 2014	0.055854	0.055856	0.050863	0.051103
Oct 02, 2014	0.060289	0.060289	0.055375	0.055838
Oct 01, 2014	0.060233	0.063264	0.058009	0.058472
Sep 30, 2014	0.060741	0.063631	0.058236	0.060138
Sep 29, 2014	0.057406	0.063399	0.056707	0.060648
Sep 28, 2014	0.064518	0.065629	0.056962	0.057433
Sep 27, 2014	0.064944	0.069086	0.061485	0.064524
Sep 26, 2014	0.074204	0.074204	0.064656	0.065052
Sep 25, 2014	0.079281	0.080250	0.071440	0.074233
Sep 24, 2014	0.088980	0.088980	0.078764	0.079289
Sep 23, 2014	0.080578	0.090896	0.076607	0.088989
Sep 22, 2014	0.081369	0.082874	0.080423	0.080591
Sep 21, 2014	0.083429	0.084147	0.078971	0.081322
Sep 20, 2014	0.081778	0.086704	0.080255	0.083602
Sep 19, 2014	0.089595	0.092469	0.081383	0.082101
Sep 18, 2014	0.097916	0.098799	0.086423	0.089561
Sep 17, 2014	0.098530	0.101672	0.094751	0.097816
Sep 16, 2014	0.102036	0.104645	0.096137	0.098649
Sep 15, 2014	0.100907	0.106205	0.099336	0.102126
Sep 14, 2014	0.099469	0.102029	0.098720	0.100928
Sep 13, 2014	0.099536	0.102478	0.096937	0.099447
Sep 12, 2014	0.102121	0.102121	0.097252	0.099523
Sep 11, 2014	0.104021	0.107369	0.099562	0.102095
Sep 10, 2014	0.104501	0.106525	0.103153	0.103826
Sep 09, 2014	0.105131	0.106199	0.102790	0.104455
Sep 08, 2014	0.111176	0.111324	0.102819	0.105072
Sep 07, 2014	0.111592	0.115470	0.109013	0.111279
Sep 06, 2014	0.111445	0.112936	0.111283	0.111540
Sep 05, 2014	0.112974	0.113229	0.111182	0.111439
Sep 04, 2014	0.113907	0.116671	0.111224	0.112975
Sep 03, 2014	0.112966	0.114446	0.109681	0.113888
Sep 02, 2014	0.112413	0.116745	0.109370	0.113090
Sep 01, 2014	0.108014	0.114369	0.105059	0.112530
Aug 31, 2014	0.117394	0.118566	0.103899	0.108105
Aug 30, 2014	0.122505	0.125661	0.111092	0.118110
Aug 29, 2014	0.120806	0.124563	0.117141	0.122558
Aug 28, 2014	0.121001	0.121811	0.117458	0.118417
Aug 27, 2014	0.120436	0.124251	0.118754	0.121055
Aug 26, 2014	0.117426	0.122619	0.112393	0.120304
Aug 25, 2014	0.121801	0.122013	0.115214	0.116919
Aug 24, 2014	0.109353	0.123766	0.108426	0.122313
Aug 23, 2014	0.127206	0.140831	0.109307	0.109307
Aug 22, 2014	0.122029	0.128932	0.113530	0.127346
Aug 21, 2014	0.107743	0.123515	0.104954	0.123278
Aug 20, 2014	0.104974	0.110435	0.096751	0.108064
Aug 19, 2014	0.091990	0.105990	0.082963	0.104961
Aug 18, 2014	0.103604	0.108125	0.087950	0.091987
Aug 17, 2014	0.138770	0.139449	0.102144	0.104204
Aug 16, 2014	0.117036	0.146623	0.110621	0.138906
Aug 15, 2014	0.116178	0.138354	0.109016	0.116827
Aug 14, 2014	0.112279	0.115867	0.100365	0.113391
Aug 13, 2014	0.122402	0.125198	0.109231	0.116252
Aug 12, 2014	0.126307	0.131813	0.119048	0.121595
Aug 11, 2014	0.141800	0.147624	0.124508	0.126367
Aug 10, 2014	0.161839	0.170384	0.144132	0.144132
Aug 09, 2014	0.142675	0.170527	0.139095	0.161883
Aug 08, 2014	0.135961	0.144479	0.135526	0.142692
Aug 07, 2014	0.142024	0.147589	0.135907	0.135956
Aug 06, 2014	0.128045	0.147466	0.126538	0.142020
Aug 05, 2014	0.135908	0.140998	0.127160	0.128016
Aug 04, 2014	0.147749	0.150697	0.135501	0.135864
Aug 03, 2014	0.176858	0.178556	0.147189	0.147852
Aug 02, 2014	0.179538	0.190541	0.175814	0.176993
Aug 01, 2014	0.195635	0.198152	0.177440	0.179674
Jul 31, 2014	0.139275	0.228148	0.132067	0.195362
Jul 30, 2014	0.125546	0.146200	0.113113	0.139207
Jul 29, 2014	0.105517	0.125542	0.104305	0.125542
Jul 28, 2014	0.136394	0.140965	0.098049	0.105534
Jul 27, 2014	0.152211	0.154714	0.136545	0.136545
Jul 26, 2014	0.154861	0.167736	0.148358	0.152236
Jul 25, 2014	0.158481	0.165046	0.143540	0.154778
Jul 24, 2014	0.188446	0.189709	0.148923	0.158523
Jul 23, 2014	0.194251	0.196399	0.179943	0.188410
Jul 22, 2014	0.217437	0.218825	0.179590	0.194314
Jul 21, 2014	0.222173	0.231292	0.217147	0.217412
Jul 20, 2014	0.223587	0.233054	0.218840	0.222476
Jul 19, 2014	0.229127	0.233334	0.222542	0.223574
Jul 18, 2014	0.228450	0.232320	0.220405	0.229331
Jul 17, 2014	0.228489	0.236917	0.212538	0.226140
Jul 16, 2014	0.240872	0.249655	0.226481	0.229678
Jul 15, 2014	0.254236	0.261042	0.230826	0.239100
Jul 14, 2014	0.278890	0.293847	0.247862	0.254830
Jul 13, 2014	0.311035	0.312664	0.277848	0.279045
Jul 12, 2014	0.314575	0.325629	0.302979	0.310825
Jul 11, 2014	0.325932	0.333108	0.309063	0.314622
Jul 10, 2014	0.351499	0.353731	0.326275	0.329348
Jul 09, 2014	0.331550	0.370735	0.329211	0.342136
Jul 08, 2014	0.322164	0.344348	0.321233	0.331372
Jul 07, 2014	0.358431	0.362662	0.317451	0.319225
Jul 06, 2014	0.359019	0.389935	0.346413	0.358581
Jul 05, 2014	0.409478	0.409478	0.349797	0.358869
Jul 04, 2014	0.455155	0.466906	0.401781	0.402770
Jul 03, 2014	0.489268	0.506148	0.445706	0.455559
Jul 02, 2014	0.517283	0.528533	0.371242	0.492646
Jul 01, 2014	0.316598	0.743636	0.298101	0.513374
Jun 30, 2014	0.424285	0.439333	0.306023	0.314478
Jun 29, 2014	0.470450	0.472395	0.417293	0.433184
Jun 28, 2014	0.495228	0.500882	0.469656	0.472616
Jun 27, 2014	0.500040	0.513267	0.481937	0.502385
Jun 26, 2014	0.535841	0.535841	0.479289	0.495799
Jun 25, 2014	0.527233	0.544040	0.464347	0.539026
Jun 24, 2014	0.613898	0.620017	0.520091	0.527693
Jun 23, 2014	0.520197	0.621264	0.506801	0.613882
Jun 22, 2014	0.624570	0.635744	0.507956	0.515240
Jun 21, 2014	0.658462	0.661032	0.623775	0.623775
Jun 20, 2014	0.648540	0.684709	0.635500	0.658851
Jun 19, 2014	0.675687	0.685300	0.639185	0.645588
Jun 18, 2014	0.712272	0.732423	0.669300	0.675581
Jun 17, 2014	0.686064	0.758677	0.685043	0.718347
Jun 16, 2014	0.713758	0.722757	0.648111	0.686738
Jun 15, 2014	0.716025	0.725185	0.677195	0.720847
Jun 14, 2014	0.763242	0.765716	0.697821	0.717523
Jun 13, 2014	0.767792	0.793638	0.753817	0.762557
Jun 12, 2014	0.855295	0.894929	0.752862	0.769371
Jun 11, 2014	0.788239	0.971638	0.755388	0.854610
Jun 10, 2014	0.708241	0.807669	0.692033	0.788202
Jun 09, 2014	0.756126	0.757129	0.694791	0.707001
Jun 08, 2014	0.799913	0.808717	0.736554	0.756615
Jun 07, 2014	0.802515	0.843586	0.793627	0.804795
Jun 06, 2014	0.808911	0.844107	0.779939	0.802616
Jun 05, 2014	0.856714	0.872859	0.806428	0.806428
Jun 04, 2014	0.872264	0.910201	0.840623	0.857409
Jun 03, 2014	0.952965	0.991742	0.853787	0.873267
Jun 02, 2014	0.895339	0.972139	0.892807	0.953280
Jun 01, 2014	0.917206	0.974355	0.891911	0.896019
May 31, 2014	1.00	1.02	0.904633	0.916443
May 30, 2014	0.958727	1.03	0.946398	1.01
May 29, 2014	0.985508	0.997641	0.946742	0.958581
May 28, 2014	1.02	1.14	0.974387	0.992150
May 27, 2014	1.04	1.04	0.949458	1.01
May 26, 2014	1.05	1.07	0.969522	1.04
May 25, 2014	1.05	1.08	1.02	1.04
May 24, 2014	1.07	1.09	0.978159	1.05
May 23, 2014	0.927046	1.08	0.842564	1.07
May 22, 2014	1.01	1.01	0.909907	0.924555
May 21, 2014	1.01	1.03	0.961495	1.01
May 20, 2014	0.965976	1.06	0.955335	1.00
May 19, 2014	1.00	1.01	0.950032	0.975305
May 18, 2014	1.03	1.09	0.995644	1.00
May 17, 2014	1.03	1.10	0.969828	1.03
May 16, 2014	1.28	1.29	0.957923	1.03
May 15, 2014	1.16	1.31	1.12	1.27
May 14, 2014	1.05	1.28	1.03	1.16
May 13, 2014	0.935437	1.07	0.920954	1.05
May 12, 2014	0.923763	0.961890	0.888822	0.935311
May 11, 2014	0.943772	0.990745	0.886714	0.924908
May 10, 2014	0.857668	1.01	0.857668	0.944855
May 09, 2014	0.791247	0.952963	0.783934	0.857688
May 08, 2014	0.800937	0.810493	0.748244	0.791996
May 07, 2014	0.767151	0.817757	0.740415	0.801184
May 06, 2014	0.783589	0.802709	0.744943	0.766558
May 05, 2014	0.824997	0.829150	0.773307	0.784263
May 04, 2014	0.809689	0.863880	0.783170	0.827808
May 03, 2014	0.859438	0.860403	0.802282	0.808560
May 02, 2014	0.899141	0.902510	0.853279	0.859599
May 01, 2014	0.882830	0.923132	0.870591	0.899082
Apr 30, 2014	0.858714	0.951234	0.848048	0.882842
Apr 29, 2014	0.834868	0.863912	0.821914	0.859236
Apr 28, 2014	0.848182	0.856076	0.805282	0.837159
Apr 27, 2014	0.920712	0.941531	0.856330	0.856888
Apr 26, 2014	0.924517	0.984292	0.900182	0.923100
Apr 25, 2014	0.962449	1.02	0.868427	0.915975
Apr 24, 2014	0.935425	0.966498	0.925487	0.963032
Apr 23, 2014	0.927550	0.952157	0.922513	0.936083
Apr 22, 2014	0.956149	0.999275	0.926847	0.926847
Apr 21, 2014	0.991883	1.02	0.952688	0.956513
Apr 20, 2014	1.04	1.04	0.986054	0.992592
Apr 19, 2014	0.981245	1.05	0.964999	1.04
Apr 18, 2014	1.02	1.06	0.970935	0.981362
Apr 17, 2014	1.11	1.13	0.992863	1.02
Apr 16, 2014	1.12	1.18	1.06	1.11
Apr 15, 2014	1.03	1.14	0.990345	1.12
Apr 14, 2014	0.969448	1.08	0.927139	1.03
Apr 13, 2014	0.990448	1.02	0.930078	0.967856
Apr 12, 2014	0.966435	1.02	0.958433	0.989773
Apr 11, 2014	0.811824	1.00	0.801219	0.966543
Apr 10, 2014	1.09	1.10	0.803753	0.814256
Apr 09, 2014	0.903493	1.18	0.903482	1.10
Apr 08, 2014	0.876564	0.905741	0.861656	0.903311
Apr 07, 2014	0.895896	0.909429	0.864322	0.879337
Apr 06, 2014	0.955212	0.975762	0.840197	0.894274
Apr 05, 2014	0.978189	1.00	0.935221	0.952404
Apr 04, 2014	1.02	1.02	0.942876	0.979866
Apr 03, 2014	1.01	1.03	0.864477	1.02
Apr 02, 2014	1.15	1.16	1.01	1.01
Apr 01, 2014	1.16	1.23	1.10	1.15
Mar 31, 2014	1.20	1.25	1.14	1.17
Mar 30, 2014	1.32	1.33	1.14	1.22
Mar 29, 2014	1.36	1.38	1.28	1.32
Mar 28, 2014	1.29	1.42	1.25	1.35
Mar 27, 2014	1.63	1.63	1.28	1.28
Mar 26, 2014	1.49	1.72	1.42	1.64
Mar 25, 2014	1.74	1.74	1.50	1.50
Mar 24, 2014	1.84	2.02	1.60	1.74
Mar 23, 2014	1.82	1.94	1.70	1.83
Mar 22, 2014	1.41	2.10	1.36	1.82
Mar 21, 2014	1.25	1.54	1.20	1.42
Mar 20, 2014	1.09	1.47	1.06	1.25
Mar 19, 2014	0.840930	1.12	0.821626	1.09
Mar 18, 2014	0.856514	0.867711	0.815832	0.842015
Mar 17, 2014	0.804195	0.911866	0.761994	0.857150
Mar 16, 2014	0.989739	1.01	0.821259	0.822178
Mar 15, 2014	1.06	1.11	0.865713	0.989275
Mar 14, 2014	1.23	1.26	1.02	1.06
Mar 13, 2014	1.30	1.31	1.22	1.23
Mar 12, 2014	1.32	1.35	1.27	1.29
Mar 11, 2014	1.39	1.44	1.27	1.32
Mar 10, 2014	1.56	1.56	1.38	1.39
Mar 09, 2014	1.40	1.64	1.39	1.56
Mar 08, 2014	1.41	1.44	1.25	1.40
Mar 07, 2014	1.59	1.60	1.26	1.41
Mar 06, 2014	1.68	1.68	1.50	1.59
Mar 05, 2014	1.80	1.83	1.56	1.67
Mar 04, 2014	1.84	1.97	1.75	1.78
Mar 03, 2014	1.62	1.99	1.58	1.86
Mar 02, 2014	1.70	1.71	1.53	1.61
Mar 01, 2014	1.74	1.78	1.69	1.69
Feb 28, 2014	1.81	1.86	1.73	1.74
Feb 27, 2014	1.89	1.92	1.80	1.82
Feb 26, 2014	1.63	1.91	1.62	1.89
Feb 25, 2014	1.52	1.63	1.30	1.62
Feb 24, 2014	1.82	1.85	1.51	1.55
Feb 23, 2014	2.03	2.03	1.78	1.82
Feb 22, 2014	1.98	2.13	1.88	2.02
Feb 21, 2014	1.97	1.97	1.77	1.95
Feb 20, 2014	2.94	2.94	1.77	1.89
Feb 19, 2014	1.42	3.02	1.38	3.02
Feb 18, 2014	1.63	1.63	1.41	1.42
Feb 17, 2014	1.92	1.95	1.62	1.64
Feb 16, 2014	2.45	2.45	1.81	1.91
Feb 15, 2014	2.43	2.69	2.37	2.45
Feb 14, 2014	2.71	2.71	2.24	2.42
Feb 13, 2014	3.18	3.18	2.64	2.73
Feb 12, 2014	3.47	3.47	2.55	3.19
Feb 11, 2014	3.66	3.86	3.27	3.47
Feb 10, 2014	4.11	4.12	2.97	3.68
Feb 09, 2014	3.42	4.33	3.10	4.30
Feb 08, 2014	4.76	4.76	3.21	3.45
Feb 07, 2014	4.90	5.31	4.43	4.78
Feb 06, 2014	5.66	6.71	5.00	5.38
Feb 05, 2014	4.80	10.12	4.07	5.40
Feb 04, 2014	1.61	4.54	1.44	4.54
Feb 03, 2014	0.709286	1.64	0.585000	1.64
Feb 02, 2014	0.421020	0.760760	0.356307	0.760760
Feb 01, 2014	0.331850	0.496085	0.330990	0.416954
Jan 31, 2014	0.335404	0.354628	0.290832	0.332375
Jan 30, 2014	0.323355	0.352761	0.310053	0.339007
Jan 29, 2014	0.380560	0.390248	0.317076	0.317349
Jan 28, 2014	0.356668	0.411958	0.347783	0.381758
Jan 27, 2014	0.325090	0.407729	0.291790	0.336943
Jan 26, 2014	0.341476	0.356423	0.306381	0.325340
Jan 25, 2014	0.392546	0.442129	0.320861	0.344466
Jan 24, 2014	0.450251	0.526742	0.370968	0.379007
Jan 23, 2014	0.304511	0.444479	0.278904	0.444479
Jan 22, 2014	0.276640	0.323996	0.223217	0.241453
Jan 21, 2014	0.201994	0.202707	0.085642	0.179607
Jan 20, 2014	0.072872	0.209013	0.063570	0.202121
