Date	Open	High	Low	Close
Mar 14, 2018	0.789569	0.799080	0.676010	0.701902
Mar 13, 2018	0.798451	0.805729	0.778471	0.789711
Mar 12, 2018	0.832127	0.838328	0.787882	0.801048
Mar 11, 2018	0.795765	0.840407	0.775737	0.831122
Mar 10, 2018	0.854872	0.860443	0.793736	0.796627
Mar 09, 2018	0.826122	0.856182	0.751485	0.849761
Mar 08, 2018	0.872508	0.888562	0.825387	0.825857
Mar 07, 2018	0.924378	0.930659	0.824895	0.871210
Mar 06, 2018	0.954448	0.991306	0.916863	0.922887
Mar 05, 2018	1.01	1.08	0.956116	0.959368
Mar 04, 2018	0.906008	1.03	0.895618	1.01
Mar 03, 2018	0.908786	0.926512	0.903604	0.907804
Mar 02, 2018	0.926638	0.933912	0.902286	0.910144
Mar 01, 2018	0.904131	0.953796	0.890630	0.928347
Feb 28, 2018	0.944697	0.955550	0.903787	0.904583
Feb 27, 2018	0.959302	0.972580	0.944977	0.947305
Feb 26, 2018	0.943704	0.970906	0.913403	0.956859
Feb 25, 2018	0.951977	0.967597	0.915279	0.943487
Feb 24, 2018	0.997659	1.01	0.929456	0.954402
Feb 23, 2018	0.934176	1.03	0.898286	0.998855
Feb 22, 2018	1.01	1.05	0.922458	0.941788
Feb 21, 2018	1.08	1.10	0.998881	1.02
Feb 20, 2018	1.14	1.17	1.08	1.09
Feb 19, 2018	1.12	1.17	1.12	1.14
Feb 18, 2018	1.20	1.21	1.09	1.12
Feb 17, 2018	1.14	1.22	1.13	1.20
Feb 16, 2018	1.14	1.15	1.11	1.14
Feb 15, 2018	1.14	1.16	1.11	1.15
Feb 14, 2018	1.03	1.17	1.02	1.14
Feb 13, 2018	1.08	1.08	1.01	1.03
Feb 12, 2018	1.01	1.11	1.01	1.08
Feb 11, 2018	1.07	1.08	0.929767	1.00
Feb 10, 2018	0.947251	1.30	0.947251	1.07
Feb 09, 2018	0.797140	0.954428	0.771540	0.954428
Feb 08, 2018	0.729252	0.806970	0.722611	0.805263
Feb 07, 2018	0.774576	0.805478	0.706950	0.723895
Feb 06, 2018	0.705121	0.786004	0.588360	0.776393
Feb 05, 2018	0.825943	0.833866	0.675827	0.691799
Feb 04, 2018	0.913418	0.952947	0.796821	0.815703
Feb 03, 2018	0.891992	0.974799	0.761635	0.924043
Feb 02, 2018	0.960642	0.960642	0.635185	0.884784
Feb 01, 2018	1.16	1.16	0.930378	0.962530
Jan 31, 2018	1.13	1.19	1.04	1.16
Jan 30, 2018	1.33	1.33	1.13	1.14
Jan 29, 2018	1.40	1.41	1.30	1.32
Jan 28, 2018	1.22	1.44	1.22	1.40
Jan 27, 2018	1.22	1.24	1.19	1.22
Jan 26, 2018	1.31	1.33	1.14	1.22
Jan 25, 2018	1.36	1.38	1.29	1.31
Jan 24, 2018	1.35	1.42	1.31	1.36
Jan 23, 2018	1.35	1.43	1.20	1.34
Jan 22, 2018	1.39	1.43	1.16	1.36
Jan 21, 2018	1.58	1.58	1.34	1.38
Jan 20, 2018	1.56	1.63	1.50	1.58
Jan 19, 2018	1.58	1.70	1.50	1.55
Jan 18, 2018	1.31	1.73	1.26	1.60
Jan 17, 2018	1.18	1.38	0.897797	1.31
Jan 16, 2018	1.68	1.70	0.909313	1.18
Jan 15, 2018	1.86	1.90	1.67	1.68
Jan 14, 2018	2.02	2.02	1.81	1.86
Jan 13, 2018	2.05	2.12	1.98	2.02
Jan 12, 2018	1.94	2.16	1.87	2.04
Jan 11, 2018	1.98	2.25	1.62	1.95
Jan 10, 2018	2.13	2.16	1.70	1.97
Jan 09, 2018	2.44	2.53	1.98	2.10
Jan 08, 2018	3.36	3.36	2.07	2.46
Jan 07, 2018	3.09	3.49	3.08	3.38
Jan 06, 2018	3.02	3.24	2.99	3.09
Jan 05, 2018	3.30	3.56	2.83	3.05
Jan 04, 2018	3.12	3.84	3.12	3.20
Jan 03, 2018	2.46	3.28	2.44	3.11
Jan 02, 2018	2.37	2.49	2.25	2.48
Jan 01, 2018	2.30	2.39	2.15	2.39
Dec 31, 2017	2.10	2.39	1.87	2.30
Dec 30, 2017	2.20	2.85	2.04	2.16
Dec 29, 2017	1.44	2.27	1.44	2.21
Dec 28, 2017	1.39	1.50	1.26	1.43
Dec 27, 2017	1.18	1.47	1.18	1.40
Dec 26, 2017	1.12	1.19	1.09	1.19
Dec 25, 2017	1.05	1.13	1.00	1.12
Dec 24, 2017	1.18	1.18	0.911226	1.04
Dec 23, 2017	1.17	1.21	1.08	1.17
Dec 22, 2017	1.17	1.38	0.741013	1.14
Dec 21, 2017	0.782515	1.24	0.782515	1.19
Dec 20, 2017	0.787171	0.789044	0.730953	0.775964
Dec 19, 2017	0.777447	0.863536	0.756724	0.791257
Dec 18, 2017	0.728036	0.792014	0.689323	0.778407
Dec 17, 2017	0.754125	0.765981	0.719929	0.728366
Dec 16, 2017	0.755493	0.815923	0.741667	0.758642
Dec 15, 2017	0.861760	0.861760	0.666114	0.756181
Dec 14, 2017	0.470648	0.892267	0.466401	0.864263
Dec 13, 2017	0.372689	0.513768	0.342964	0.471063
Dec 12, 2017	0.252258	0.434102	0.250961	0.373541
Dec 11, 2017	0.236574	0.252777	0.235804	0.251691
Dec 10, 2017	0.245548	0.245548	0.229304	0.237333
Dec 09, 2017	0.252162	0.255684	0.240073	0.244708
Dec 08, 2017	0.223636	0.278673	0.222168	0.252125
Dec 07, 2017	0.232623	0.233760	0.221340	0.222823
Dec 06, 2017	0.245416	0.245705	0.227742	0.232544
Dec 05, 2017	0.253598	0.253988	0.245234	0.246101
Dec 04, 2017	0.252919	0.255362	0.247160	0.253571
Dec 03, 2017	0.255530	0.263072	0.247391	0.252558
Dec 02, 2017	0.255656	0.259218	0.250756	0.255492
Dec 01, 2017	0.250352	0.258828	0.239438	0.255699
Nov 30, 2017	0.246433	0.261524	0.229586	0.250878
Nov 29, 2017	0.297867	0.297867	0.239409	0.243064
Nov 28, 2017	0.254037	0.301084	0.253415	0.299152
Nov 27, 2017	0.248305	0.254733	0.247861	0.253927
Nov 26, 2017	0.252914	0.252914	0.248589	0.248818
Nov 25, 2017	0.244178	0.255700	0.243584	0.252393
Nov 24, 2017	0.242851	0.245388	0.238421	0.244642
Nov 23, 2017	0.238991	0.250096	0.237304	0.242402
Nov 22, 2017	0.232642	0.240848	0.232317	0.238859
Nov 21, 2017	0.237978	0.240974	0.227200	0.233271
Nov 20, 2017	0.231336	0.243430	0.230917	0.238759
Nov 19, 2017	0.228140	0.236231	0.226037	0.231016
Nov 18, 2017	0.226547	0.230399	0.222399	0.228627
Nov 17, 2017	0.224768	0.239409	0.220273	0.226581
Nov 16, 2017	0.212655	0.271790	0.209287	0.227107
Nov 15, 2017	0.208937	0.213105	0.208058	0.212956
Nov 14, 2017	0.203679	0.213693	0.203679	0.209825
Nov 13, 2017	0.197472	0.204081	0.197456	0.203442
Nov 12, 2017	0.210214	0.210214	0.195389	0.197339
Nov 11, 2017	0.205948	0.214456	0.205459	0.210430
Nov 10, 2017	0.218256	0.219068	0.205260	0.206483
Nov 09, 2017	0.217911	0.221791	0.214866	0.217488
Nov 08, 2017	0.210675	0.221458	0.208060	0.217437
Nov 07, 2017	0.205103	0.211375	0.203978	0.210354
Nov 06, 2017	0.201967	0.208662	0.201410	0.205990
Nov 05, 2017	0.203274	0.205124	0.201117	0.202055
Nov 04, 2017	0.208083	0.208479	0.202133	0.203750
Nov 03, 2017	0.206205	0.228026	0.201728	0.208133
Nov 02, 2017	0.194596	0.211848	0.183815	0.205861
Nov 01, 2017	0.200247	0.201501	0.193613	0.194124
Oct 31, 2017	0.202405	0.203778	0.200461	0.200558
Oct 30, 2017	0.203076	0.204135	0.201946	0.202711
Oct 29, 2017	0.201358	0.205209	0.200075	0.202785
Oct 28, 2017	0.202592	0.203476	0.201401	0.201835
Oct 27, 2017	0.203668	0.204492	0.201771	0.202785
Oct 26, 2017	0.204444	0.206289	0.202660	0.203628
Oct 25, 2017	0.207113	0.208237	0.201803	0.204604
Oct 24, 2017	0.195567	0.217508	0.190455	0.206644
Oct 23, 2017	0.203504	0.203919	0.190729	0.196928
Oct 22, 2017	0.210958	0.211901	0.200722	0.204177
Oct 21, 2017	0.210189	0.212381	0.200774	0.211016
Oct 20, 2017	0.215086	0.223822	0.208754	0.210549
Oct 19, 2017	0.218229	0.231790	0.208317	0.215150
Oct 18, 2017	0.231216	0.238150	0.207265	0.218520
Oct 17, 2017	0.256098	0.263147	0.222939	0.232064
Oct 16, 2017	0.263386	0.291359	0.249010	0.256232
Oct 15, 2017	0.257537	0.268419	0.249048	0.263983
Oct 14, 2017	0.261150	0.267721	0.257320	0.257320
Oct 13, 2017	0.248285	0.264250	0.238867	0.260489
Oct 12, 2017	0.265046	0.267468	0.248414	0.248414
Oct 11, 2017	0.260658	0.267843	0.259080	0.264439
Oct 10, 2017	0.252825	0.266560	0.241193	0.260733
Oct 09, 2017	0.278758	0.278758	0.240430	0.251825
Oct 08, 2017	0.238312	0.279944	0.237532	0.279944
Oct 07, 2017	0.233963	0.239336	0.233478	0.238610
Oct 06, 2017	0.237726	0.242424	0.233533	0.234039
Oct 05, 2017	0.215583	0.241023	0.215583	0.237016
Oct 04, 2017	0.203218	0.217024	0.202647	0.214774
Oct 03, 2017	0.203209	0.204808	0.198730	0.203318
Oct 02, 2017	0.206077	0.206556	0.199444	0.202676
Oct 01, 2017	0.197622	0.207185	0.196170	0.206532
Sep 30, 2017	0.193824	0.199826	0.193497	0.197529
Sep 29, 2017	0.196105	0.196203	0.187172	0.193606
Sep 28, 2017	0.202532	0.203271	0.191344	0.196131
Sep 27, 2017	0.185297	0.207687	0.185098	0.203299
Sep 26, 2017	0.181968	0.191247	0.180085	0.186119
Sep 25, 2017	0.175519	0.183665	0.174939	0.181487
Sep 24, 2017	0.178175	0.178939	0.174165	0.175787
Sep 23, 2017	0.173371	0.178672	0.171527	0.177882
Sep 22, 2017	0.171567	0.175870	0.169291	0.173510
Sep 21, 2017	0.180981	0.182109	0.171148	0.171754
Sep 20, 2017	0.183710	0.186229	0.180333	0.182078
Sep 19, 2017	0.189819	0.190680	0.181334	0.184041
Sep 18, 2017	0.178309	0.190019	0.178309	0.189768
Sep 17, 2017	0.178377	0.181121	0.171017	0.178393
Sep 16, 2017	0.181925	0.187417	0.172279	0.179082
Sep 15, 2017	0.165035	0.189184	0.150973	0.181358
Sep 14, 2017	0.200427	0.202010	0.164167	0.164167
Sep 13, 2017	0.209630	0.209674	0.196179	0.200778
Sep 12, 2017	0.214860	0.220623	0.207608	0.209303
Sep 11, 2017	0.212513	0.220057	0.210353	0.214441
Sep 10, 2017	0.209606	0.216529	0.197605	0.213031
Sep 09, 2017	0.211293	0.211892	0.206395	0.209995
Sep 08, 2017	0.223615	0.224308	0.206103	0.211518
Sep 07, 2017	0.226382	0.227210	0.219618	0.223640
Sep 06, 2017	0.214951	0.226860	0.214805	0.226186
Sep 05, 2017	0.205110	0.218674	0.190232	0.215189
Sep 04, 2017	0.228781	0.228781	0.195960	0.204968
Sep 03, 2017	0.227229	0.236443	0.218662	0.228811
Sep 02, 2017	0.249348	0.249680	0.217774	0.226669
Sep 01, 2017	0.255803	0.256162	0.243833	0.248479
Aug 31, 2017	0.227558	0.261038	0.225907	0.255630
Aug 30, 2017	0.218871	0.229805	0.217476	0.228006
Aug 29, 2017	0.224026	0.225926	0.214867	0.218564
Aug 28, 2017	0.203425	0.236260	0.196610	0.224508
Aug 27, 2017	0.212617	0.212617	0.197717	0.202995
Aug 26, 2017	0.218256	0.229086	0.210324	0.212577
Aug 25, 2017	0.217200	0.232184	0.203022	0.217828
Aug 24, 2017	0.252371	0.288783	0.212543	0.218958
Aug 23, 2017	0.240987	0.297662	0.219992	0.246827
Aug 22, 2017	0.194971	0.254659	0.171483	0.239286
Aug 21, 2017	0.158410	0.205684	0.154856	0.191918
Aug 20, 2017	0.154569	0.161205	0.153432	0.158735
Aug 19, 2017	0.159553	0.162348	0.152305	0.155057
Aug 18, 2017	0.157117	0.168716	0.154162	0.158883
Aug 17, 2017	0.160787	0.161001	0.155909	0.157498
Aug 16, 2017	0.161238	0.161726	0.153087	0.160431
Aug 15, 2017	0.169790	0.169790	0.158244	0.161221
Aug 14, 2017	0.168376	0.180054	0.165289	0.169991
Aug 13, 2017	0.173545	0.174147	0.162625	0.168092
Aug 12, 2017	0.179221	0.182599	0.173242	0.173853
Aug 11, 2017	0.180175	0.182631	0.177627	0.179307
Aug 10, 2017	0.183168	0.183500	0.180013	0.180399
Aug 09, 2017	0.192527	0.192914	0.180629	0.182947
Aug 08, 2017	0.179602	0.194391	0.178487	0.192586
Aug 07, 2017	0.179716	0.181847	0.177605	0.179021
Aug 06, 2017	0.185398	0.189486	0.180298	0.180444
Aug 05, 2017	0.173865	0.187844	0.173267	0.184737
Aug 04, 2017	0.174555	0.176053	0.172224	0.173743
Aug 03, 2017	0.173218	0.175969	0.171730	0.174612
Aug 02, 2017	0.177531	0.179655	0.171618	0.173113
Aug 01, 2017	0.168024	0.178332	0.166124	0.177053
Jul 31, 2017	0.165050	0.169535	0.162002	0.167386
Jul 30, 2017	0.169494	0.170411	0.164094	0.165082
Jul 29, 2017	0.165218	0.171566	0.155475	0.169871
Jul 28, 2017	0.173211	0.174078	0.162183	0.165937
Jul 27, 2017	0.175210	0.176602	0.171980	0.173457
Jul 26, 2017	0.177582	0.180872	0.169060	0.173822
Jul 25, 2017	0.192280	0.192734	0.169797	0.178104
Jul 24, 2017	0.194979	0.195279	0.189835	0.192002
Jul 23, 2017	0.193568	0.204121	0.188722	0.195058
Jul 22, 2017	0.182168	0.195009	0.181447	0.193320
Jul 21, 2017	0.189430	0.190708	0.181098	0.182608
Jul 20, 2017	0.170017	0.192918	0.167718	0.188295
Jul 19, 2017	0.188498	0.188533	0.158188	0.168388
Jul 18, 2017	0.179668	0.195807	0.165966	0.188718
Jul 17, 2017	0.150146	0.179604	0.141425	0.177889
Jul 16, 2017	0.169480	0.172575	0.119770	0.148056
Jul 15, 2017	0.190976	0.191167	0.167118	0.170589
Jul 14, 2017	0.200819	0.201156	0.183369	0.190769
Jul 13, 2017	0.205873	0.230452	0.193357	0.200809
Jul 12, 2017	0.184198	0.205898	0.177162	0.205354
Jul 11, 2017	0.196415	0.203320	0.168265	0.185019
Jul 10, 2017	0.234067	0.234067	0.185418	0.203165
Jul 09, 2017	0.236884	0.248501	0.233416	0.233416
Jul 08, 2017	0.239741	0.239741	0.221769	0.236134
Jul 07, 2017	0.254858	0.255431	0.238892	0.239480
Jul 06, 2017	0.256374	0.257148	0.253303	0.254641
Jul 05, 2017	0.255125	0.261713	0.254275	0.256523
Jul 04, 2017	0.259841	0.262258	0.254387	0.254709
Jul 03, 2017	0.258977	0.262354	0.255666	0.259959
Jul 02, 2017	0.254512	0.259951	0.250944	0.259449
Jul 01, 2017	0.262855	0.263053	0.252966	0.254744
Jun 30, 2017	0.266060	0.269160	0.262242	0.262930
Jun 29, 2017	0.280565	0.280873	0.264175	0.265421
Jun 28, 2017	0.275391	0.281490	0.267840	0.280455
Jun 27, 2017	0.277288	0.278810	0.251052	0.276306
Jun 26, 2017	0.298770	0.301980	0.260819	0.277288
Jun 25, 2017	0.310816	0.311157	0.289148	0.298423
Jun 24, 2017	0.319188	0.327117	0.306487	0.311110
Jun 23, 2017	0.297718	0.320751	0.295551	0.319978
Jun 22, 2017	0.299886	0.305852	0.291519	0.297848
Jun 21, 2017	0.324623	0.327760	0.283614	0.296366
Jun 20, 2017	0.292194	0.339533	0.290147	0.324427
Jun 19, 2017	0.283977	0.296068	0.280233	0.296068
Jun 18, 2017	0.268085	0.289468	0.265078	0.284600
Jun 17, 2017	0.262358	0.270717	0.258105	0.268351
Jun 16, 2017	0.259473	0.266211	0.252408	0.262068
Jun 15, 2017	0.278196	0.278923	0.240868	0.259266
Jun 14, 2017	0.265823	0.307854	0.263202	0.278447
Jun 13, 2017	0.253823	0.274659	0.252200	0.266153
Jun 12, 2017	0.273075	0.283290	0.247476	0.253964
Jun 11, 2017	0.259445	0.277735	0.259113	0.272759
Jun 10, 2017	0.285806	0.288991	0.257879	0.260874
Jun 09, 2017	0.289695	0.299493	0.285884	0.286019
Jun 08, 2017	0.280902	0.298570	0.276441	0.289678
Jun 07, 2017	0.284677	0.298379	0.278874	0.279783
Jun 06, 2017	0.294028	0.294537	0.276248	0.284548
Jun 05, 2017	0.299862	0.302394	0.284600	0.294003
Jun 04, 2017	0.298386	0.313944	0.277185	0.299413
Jun 03, 2017	0.300460	0.310863	0.277563	0.294580
Jun 02, 2017	0.333645	0.335809	0.290710	0.303448
Jun 01, 2017	0.243946	0.336797	0.243946	0.333657
May 31, 2017	0.205360	0.247677	0.193839	0.246590
May 30, 2017	0.232191	0.237367	0.205324	0.205324
May 29, 2017	0.227189	0.242820	0.214777	0.232070
May 28, 2017	0.212887	0.242395	0.204652	0.229554
May 27, 2017	0.272697	0.283363	0.162345	0.212549
May 26, 2017	0.245083	0.327812	0.245083	0.271808
May 25, 2017	0.291834	0.303467	0.238308	0.246065
May 24, 2017	0.325054	0.357358	0.293009	0.295890
May 23, 2017	0.313347	0.354014	0.291893	0.323368
May 22, 2017	0.338403	0.345412	0.270091	0.317954
May 21, 2017	0.353164	0.367636	0.332222	0.336201
May 20, 2017	0.328631	0.370361	0.303941	0.351634
May 19, 2017	0.363505	0.363505	0.300794	0.327801
May 18, 2017	0.394931	0.408012	0.331116	0.364869
May 17, 2017	0.355124	0.435170	0.326358	0.394132
May 16, 2017	0.269824	0.349861	0.269824	0.349861
May 15, 2017	0.220069	0.270720	0.220069	0.270720
May 14, 2017	0.215179	0.223486	0.211186	0.220223
May 13, 2017	0.206697	0.223602	0.186980	0.214878
May 12, 2017	0.182760	0.209535	0.180984	0.206068
May 11, 2017	0.185035	0.194828	0.162431	0.183135
May 10, 2017	0.158471	0.201207	0.156363	0.186066
May 09, 2017	0.199198	0.216890	0.134406	0.160074
May 08, 2017	0.141620	0.237587	0.135105	0.198212
May 07, 2017	0.101929	0.148274	0.098938	0.141763
May 06, 2017	0.093429	0.106144	0.093429	0.101791
May 05, 2017	0.080229	0.106935	0.078704	0.093550
May 04, 2017	0.061062	0.085499	0.059283	0.078914
May 03, 2017	0.053905	0.061435	0.052283	0.060490
May 02, 2017	0.054646	0.055639	0.050710	0.053908
May 01, 2017	0.051580	0.057779	0.049317	0.055115
Apr 30, 2017	0.052807	0.054646	0.049574	0.051607
Apr 29, 2017	0.044558	0.057719	0.044558	0.052868
Apr 28, 2017	0.034843	0.045111	0.034784	0.044475
Apr 27, 2017	0.032827	0.035376	0.032157	0.034816
Apr 26, 2017	0.032390	0.033509	0.032183	0.032797
Apr 25, 2017	0.031409	0.033826	0.031297	0.032346
Apr 24, 2017	0.031236	0.031436	0.030738	0.031384
Apr 23, 2017	0.031878	0.031974	0.030742	0.031278
Apr 22, 2017	0.033122	0.033279	0.031422	0.031770
Apr 21, 2017	0.029727	0.034044	0.029216	0.032780
Apr 20, 2017	0.030259	0.030611	0.027493	0.029984
Apr 19, 2017	0.033181	0.033387	0.029687	0.030173
Apr 18, 2017	0.033638	0.034021	0.032866	0.033183
Apr 17, 2017	0.033400	0.034060	0.032955	0.033655
Apr 16, 2017	0.033880	0.034002	0.033194	0.033462
Apr 15, 2017	0.033528	0.034281	0.033277	0.033955
Apr 14, 2017	0.034262	0.035127	0.032986	0.033779
Apr 13, 2017	0.034459	0.035574	0.033461	0.034383
Apr 12, 2017	0.033002	0.034794	0.032477	0.034336
Apr 11, 2017	0.033677	0.034576	0.032035	0.032952
Apr 10, 2017	0.034123	0.035091	0.032806	0.033598
Apr 09, 2017	0.035799	0.035799	0.032327	0.034020
Apr 08, 2017	0.036355	0.036894	0.034932	0.035849
Apr 07, 2017	0.032740	0.036935	0.030789	0.036319
Apr 06, 2017	0.035672	0.036843	0.029463	0.032665
Apr 05, 2017	0.037386	0.040178	0.035214	0.035544
Apr 04, 2017	0.033032	0.040702	0.028324	0.037455
Apr 03, 2017	0.060291	0.061594	0.027447	0.033023
Apr 02, 2017	0.021938	0.071441	0.021696	0.061159
Apr 01, 2017	0.021743	0.022798	0.019664	0.021892
Mar 31, 2017	0.013049	0.021776	0.013049	0.020889
Mar 30, 2017	0.010125	0.014126	0.010125	0.013276
Mar 29, 2017	0.009526	0.010101	0.009520	0.010101
Mar 28, 2017	0.009568	0.009644	0.009280	0.009514
Mar 27, 2017	0.009482	0.010053	0.009155	0.009597
Mar 26, 2017	0.009159	0.009840	0.009079	0.009545
Mar 25, 2017	0.010502	0.010711	0.009040	0.009116
Mar 24, 2017	0.010528	0.010825	0.009135	0.010518
Mar 23, 2017	0.007284	0.010582	0.007258	0.010582
Mar 22, 2017	0.006908	0.007460	0.006882	0.007301
Mar 21, 2017	0.006996	0.007075	0.006792	0.006909
Mar 20, 2017	0.006915	0.007112	0.006761	0.006975
Mar 19, 2017	0.006736	0.007198	0.006556	0.006912
Mar 18, 2017	0.006137	0.007396	0.006118	0.006710
Mar 17, 2017	0.006406	0.006406	0.005970	0.006116
Mar 16, 2017	0.006319	0.006409	0.006213	0.006394
Mar 15, 2017	0.006370	0.006500	0.006301	0.006314
Mar 14, 2017	0.006346	0.006406	0.006277	0.006381
Mar 13, 2017	0.006271	0.006429	0.006156	0.006385
Mar 12, 2017	0.006214	0.006313	0.006086	0.006255
Mar 11, 2017	0.006229	0.006383	0.006130	0.006238
Mar 10, 2017	0.006503	0.006546	0.006050	0.006227
Mar 09, 2017	0.006485	0.006606	0.006423	0.006498
Mar 08, 2017	0.006551	0.006776	0.006363	0.006509
Mar 07, 2017	0.006057	0.006577	0.005974	0.006534
Mar 06, 2017	0.006129	0.006221	0.006047	0.006057
Mar 05, 2017	0.006290	0.006389	0.006129	0.006129
Mar 04, 2017	0.006354	0.006497	0.006278	0.006299
Mar 03, 2017	0.005988	0.006346	0.005968	0.006339
Mar 02, 2017	0.005419	0.006217	0.005408	0.005991
Mar 01, 2017	0.005525	0.005547	0.005372	0.005408
Feb 28, 2017	0.005608	0.005631	0.005438	0.005536
Feb 27, 2017	0.005665	0.005696	0.005608	0.005609
Feb 26, 2017	0.005664	0.005733	0.005651	0.005671
Feb 25, 2017	0.005700	0.005743	0.005628	0.005665
Feb 24, 2017	0.005883	0.005919	0.005644	0.005701
Feb 23, 2017	0.005856	0.005943	0.005798	0.005895
Feb 22, 2017	0.005849	0.005887	0.005817	0.005860
Feb 21, 2017	0.005871	0.005909	0.005735	0.005832
Feb 20, 2017	0.005879	0.005949	0.005740	0.005873
Feb 19, 2017	0.005589	0.005892	0.005570	0.005878
Feb 18, 2017	0.005949	0.006014	0.005427	0.005569
Feb 17, 2017	0.005939	0.006095	0.005872	0.005935
Feb 16, 2017	0.006138	0.006244	0.005988	0.006027
Feb 15, 2017	0.006279	0.006302	0.006095	0.006147
Feb 14, 2017	0.006240	0.006352	0.006240	0.006278
Feb 13, 2017	0.006267	0.006338	0.006228	0.006251
Feb 12, 2017	0.006328	0.006364	0.006269	0.006269
Feb 11, 2017	0.006290	0.006395	0.006273	0.006333
Feb 10, 2017	0.006367	0.006700	0.006192	0.006289
Feb 09, 2017	0.006433	0.006484	0.006193	0.006374
Feb 08, 2017	0.006407	0.007833	0.006402	0.006438
Feb 07, 2017	0.006437	0.006509	0.006378	0.006407
Feb 06, 2017	0.006439	0.006494	0.006397	0.006450
Feb 05, 2017	0.006494	0.006563	0.006403	0.006442
Feb 04, 2017	0.006487	0.006528	0.006429	0.006492
Feb 03, 2017	0.006466	0.006510	0.006401	0.006474
Feb 02, 2017	0.006540	0.006630	0.006381	0.006469
Feb 01, 2017	0.006311	0.006642	0.006249	0.006540
Jan 31, 2017	0.006390	0.006411	0.006297	0.006314
Jan 30, 2017	0.006402	0.006468	0.006353	0.006381
Jan 29, 2017	0.006356	0.006493	0.006287	0.006402
Jan 28, 2017	0.006409	0.006419	0.006323	0.006342
Jan 27, 2017	0.006685	0.006815	0.006331	0.006415
Jan 26, 2017	0.006511	0.007073	0.006425	0.006690
Jan 25, 2017	0.006527	0.006594	0.006490	0.006513
Jan 24, 2017	0.006708	0.006718	0.006534	0.006540
Jan 23, 2017	0.006718	0.006735	0.006662	0.006697
Jan 22, 2017	0.006706	0.006759	0.006653	0.006713
Jan 21, 2017	0.006694	0.006824	0.006678	0.006706
Jan 20, 2017	0.007032	0.007160	0.006610	0.006675
Jan 19, 2017	0.006713	0.007040	0.006671	0.007034
Jan 18, 2017	0.006790	0.007125	0.006659	0.006709
Jan 17, 2017	0.006772	0.006848	0.006612	0.006800
Jan 16, 2017	0.006747	0.006836	0.006717	0.006788
Jan 15, 2017	0.006867	0.006925	0.006726	0.006726
Jan 14, 2017	0.006610	0.006872	0.006585	0.006863
Jan 13, 2017	0.006434	0.006664	0.006396	0.006596
Jan 12, 2017	0.006417	0.006851	0.006351	0.006423
Jan 11, 2017	0.006708	0.006721	0.006312	0.006411
Jan 10, 2017	0.006157	0.006815	0.006148	0.006698
Jan 09, 2017	0.006239	0.006294	0.006127	0.006167
Jan 08, 2017	0.006383	0.006383	0.006232	0.006233
Jan 07, 2017	0.006351	0.006404	0.006133	0.006366
Jan 06, 2017	0.006197	0.006394	0.006109	0.006315
Jan 05, 2017	0.006572	0.006580	0.006031	0.006201
Jan 04, 2017	0.006385	0.006656	0.006385	0.006570
Jan 03, 2017	0.006290	0.006392	0.006278	0.006386
Jan 02, 2017	0.006386	0.006437	0.006281	0.006311
Jan 01, 2017	0.006523	0.006702	0.006334	0.006368
Dec 31, 2016	0.006417	0.006538	0.006387	0.006449
Dec 30, 2016	0.006352	0.006455	0.006338	0.006426
Dec 29, 2016	0.006180	0.006354	0.006167	0.006341
Dec 28, 2016	0.006193	0.006336	0.006126	0.006173
Dec 27, 2016	0.006326	0.006326	0.006188	0.006199
Dec 26, 2016	0.006443	0.006481	0.006323	0.006326
Dec 25, 2016	0.006350	0.006453	0.006334	0.006444
Dec 24, 2016	0.006275	0.006371	0.006234	0.006349
Dec 23, 2016	0.006362	0.006436	0.006281	0.006286
Dec 22, 2016	0.006452	0.006466	0.006324	0.006363
Dec 21, 2016	0.006498	0.006498	0.006417	0.006445
Dec 20, 2016	0.006540	0.006543	0.006481	0.006500
Dec 19, 2016	0.006582	0.006582	0.006534	0.006545
Dec 18, 2016	0.006541	0.006580	0.006533	0.006574
Dec 17, 2016	0.006704	0.006711	0.006535	0.006541
Dec 16, 2016	0.006662	0.006791	0.006661	0.006710
Dec 15, 2016	0.006699	0.006699	0.006606	0.006662
Dec 14, 2016	0.006704	0.006753	0.006690	0.006705
Dec 13, 2016	0.006780	0.006781	0.006678	0.006708
Dec 12, 2016	0.006744	0.006809	0.006743	0.006778
Dec 11, 2016	0.006816	0.006998	0.006731	0.006744
Dec 10, 2016	0.007138	0.007145	0.006816	0.006816
Dec 09, 2016	0.007091	0.007162	0.007007	0.007135
Dec 08, 2016	0.006849	0.007156	0.006829	0.007097
Dec 07, 2016	0.006653	0.006851	0.006565	0.006851
Dec 06, 2016	0.006435	0.006655	0.006417	0.006655
Dec 05, 2016	0.006525	0.006761	0.006419	0.006434
Dec 04, 2016	0.006592	0.006594	0.006519	0.006527
Dec 03, 2016	0.006712	0.006890	0.006588	0.006588
Dec 02, 2016	0.006707	0.006906	0.006615	0.006660
Dec 01, 2016	0.006723	0.006737	0.006702	0.006702
Nov 30, 2016	0.006779	0.006784	0.006720	0.006723
Nov 29, 2016	0.007009	0.007042	0.006780	0.006780
Nov 28, 2016	0.007082	0.007114	0.006947	0.007008
Nov 27, 2016	0.007385	0.007499	0.007070	0.007074
Nov 26, 2016	0.006895	0.007390	0.006847	0.007390
Nov 25, 2016	0.006948	0.006979	0.006888	0.006902
Nov 24, 2016	0.007062	0.007069	0.006945	0.006950
Nov 23, 2016	0.007434	0.007435	0.007035	0.007061
Nov 22, 2016	0.007567	0.007567	0.007431	0.007434
Nov 21, 2016	0.007649	0.007651	0.007566	0.007566
Nov 20, 2016	0.007799	0.007806	0.007626	0.007651
Nov 19, 2016	0.007778	0.007809	0.007753	0.007799
Nov 18, 2016	0.007722	0.007778	0.007709	0.007778
Nov 17, 2016	0.007851	0.007867	0.007721	0.007727
Nov 16, 2016	0.007888	0.007944	0.007842	0.007842
Nov 15, 2016	0.008099	0.008115	0.007876	0.007881
Nov 14, 2016	0.008255	0.008308	0.008059	0.008098
Nov 13, 2016	0.008039	0.008258	0.007968	0.008257
Nov 12, 2016	0.008061	0.008105	0.008019	0.008044
Nov 11, 2016	0.008131	0.008146	0.008058	0.008065
Nov 10, 2016	0.008081	0.008138	0.008043	0.008136
Nov 09, 2016	0.008205	0.008222	0.008074	0.008079
Nov 08, 2016	0.008111	0.008246	0.008108	0.008206
Nov 07, 2016	0.008197	0.008197	0.008088	0.008108
Nov 06, 2016	0.008230	0.008277	0.008187	0.008193
Nov 05, 2016	0.008157	0.008261	0.008155	0.008230
Nov 04, 2016	0.008015	0.008161	0.008008	0.008157
Nov 03, 2016	0.008221	0.008243	0.007975	0.008021
Nov 02, 2016	0.008104	0.008222	0.008088	0.008222
Nov 01, 2016	0.008197	0.008259	0.008083	0.008102
Oct 31, 2016	0.008014	0.008261	0.008014	0.008196
Oct 30, 2016	0.007738	0.008018	0.007716	0.008014
Oct 29, 2016	0.008157	0.008162	0.007674	0.007732
Oct 28, 2016	0.008483	0.008492	0.008081	0.008143
Oct 27, 2016	0.008833	0.008849	0.008468	0.008481
Oct 26, 2016	0.008884	0.008944	0.008815	0.008835
Oct 25, 2016	0.009065	0.009135	0.008882	0.008891
Oct 24, 2016	0.009432	0.009485	0.009054	0.009065
Oct 23, 2016	0.008977	0.009454	0.008915	0.009454
Oct 22, 2016	0.009027	0.009081	0.008864	0.008972
Oct 21, 2016	0.009090	0.009128	0.008856	0.009029
Oct 20, 2016	0.008636	0.009124	0.008620	0.009092
Oct 19, 2016	0.008348	0.008637	0.008318	0.008627
Oct 18, 2016	0.008032	0.008350	0.008026	0.008350
Oct 17, 2016	0.008079	0.008144	0.008011	0.008030
Oct 16, 2016	0.008137	0.008230	0.008055	0.008078
Oct 15, 2016	0.008769	0.008885	0.008130	0.008146
Oct 14, 2016	0.007980	0.008960	0.007970	0.008767
Oct 13, 2016	0.007951	0.007984	0.007867	0.007982
Oct 12, 2016	0.008208	0.008507	0.007934	0.007949
Oct 11, 2016	0.007993	0.008324	0.007905	0.008234
Oct 10, 2016	0.007542	0.008105	0.007542	0.007978
Oct 09, 2016	0.007310	0.007563	0.007299	0.007543
Oct 08, 2016	0.007371	0.007377	0.007260	0.007310
Oct 07, 2016	0.007377	0.007459	0.007350	0.007377
Oct 06, 2016	0.007429	0.007460	0.007321	0.007382
Oct 05, 2016	0.007873	0.007895	0.007407	0.007435
Oct 04, 2016	0.008115	0.008132	0.007853	0.007853
Oct 03, 2016	0.008165	0.008241	0.008065	0.008089
Oct 02, 2016	0.008197	0.008316	0.008084	0.008165
Oct 01, 2016	0.008839	0.008848	0.008186	0.008205
Sep 30, 2016	0.008910	0.009240	0.008789	0.008830
Sep 29, 2016	0.009065	0.009090	0.008707	0.008914
Sep 28, 2016	0.008220	0.009082	0.008220	0.009048
Sep 27, 2016	0.007959	0.008306	0.007919	0.008229
Sep 26, 2016	0.007872	0.008593	0.007847	0.007963
Sep 25, 2016	0.007356	0.007986	0.007316	0.007855
Sep 24, 2016	0.007234	0.007424	0.007170	0.007362
Sep 23, 2016	0.006848	0.007300	0.006807	0.007211
Sep 22, 2016	0.006833	0.006986	0.006809	0.006843
Sep 21, 2016	0.006809	0.006908	0.006709	0.006829
Sep 20, 2016	0.006865	0.006911	0.006748	0.006785
Sep 19, 2016	0.006855	0.007178	0.006795	0.006858
Sep 18, 2016	0.007017	0.007019	0.006788	0.006853
Sep 17, 2016	0.007391	0.007535	0.006998	0.007018
Sep 16, 2016	0.008286	0.008333	0.007200	0.007446
Sep 15, 2016	0.005969	0.008765	0.005953	0.008303
Sep 14, 2016	0.005888	0.006042	0.005881	0.005961
Sep 13, 2016	0.005899	0.005905	0.005871	0.005886
Sep 12, 2016	0.005844	0.005912	0.005837	0.005897
Sep 11, 2016	0.005866	0.005895	0.005815	0.005842
Sep 10, 2016	0.005872	0.005882	0.005859	0.005870
Sep 09, 2016	0.005901	0.005907	0.005857	0.005869
Sep 08, 2016	0.005892	0.005941	0.005892	0.005902
Sep 07, 2016	0.005915	0.005925	0.005888	0.005892
Sep 06, 2016	0.005933	0.005955	0.005900	0.005912
Sep 05, 2016	0.005948	0.005966	0.005889	0.005932
Sep 04, 2016	0.005964	0.006002	0.005905	0.005954
Sep 03, 2016	0.005967	0.005992	0.005928	0.005964
Sep 02, 2016	0.005979	0.005985	0.005959	0.005970
Sep 01, 2016	0.006013	0.006030	0.005980	0.005984
Aug 31, 2016	0.006036	0.006045	0.005915	0.006012
Aug 30, 2016	0.006120	0.006129	0.006006	0.006026
Aug 29, 2016	0.005961	0.006140	0.005938	0.006131
Aug 28, 2016	0.005974	0.006001	0.005955	0.005963
Aug 27, 2016	0.006018	0.006042	0.005971	0.005975
Aug 26, 2016	0.006083	0.006097	0.006019	0.006030
Aug 25, 2016	0.006049	0.006085	0.006028	0.006079
Aug 24, 2016	0.006015	0.006059	0.005989	0.006052
Aug 23, 2016	0.006002	0.006054	0.005960	0.006019
Aug 22, 2016	0.006055	0.006072	0.005883	0.006000
Aug 21, 2016	0.006116	0.006117	0.006012	0.006052
Aug 20, 2016	0.006126	0.006148	0.006085	0.006114
Aug 19, 2016	0.006120	0.006199	0.006093	0.006119
Aug 18, 2016	0.006100	0.006123	0.006044	0.006122
Aug 17, 2016	0.006144	0.006158	0.006099	0.006109
Aug 16, 2016	0.006045	0.006188	0.006030	0.006140
Aug 15, 2016	0.005993	0.006062	0.005969	0.006045
Aug 14, 2016	0.006092	0.006093	0.005968	0.005994
Aug 13, 2016	0.006119	0.006141	0.006080	0.006092
Aug 12, 2016	0.006188	0.006189	0.006101	0.006123
Aug 11, 2016	0.006196	0.006217	0.006162	0.006189
Aug 10, 2016	0.006147	0.006221	0.006109	0.006194
Aug 09, 2016	0.006027	0.006181	0.006003	0.006163
Aug 08, 2016	0.006160	0.006180	0.006021	0.006027
Aug 07, 2016	0.006337	0.006337	0.006156	0.006178
Aug 06, 2016	0.006448	0.006560	0.006239	0.006337
Aug 05, 2016	0.005821	0.006450	0.005813	0.006447
Aug 04, 2016	0.005646	0.005820	0.005644	0.005816
Aug 03, 2016	0.005688	0.005701	0.005630	0.005646
Aug 02, 2016	0.005911	0.005933	0.005686	0.005690
Aug 01, 2016	0.005942	0.005942	0.005904	0.005906
Jul 31, 2016	0.006118	0.006122	0.005944	0.005945
Jul 30, 2016	0.006112	0.006164	0.006107	0.006121
Jul 29, 2016	0.005974	0.006112	0.005969	0.006111
Jul 28, 2016	0.005973	0.005986	0.005947	0.005974
Jul 27, 2016	0.005996	0.006008	0.005954	0.005969
Jul 26, 2016	0.006246	0.006250	0.005983	0.005998
Jul 25, 2016	0.006293	0.006297	0.006225	0.006246
Jul 24, 2016	0.006328	0.006333	0.006228	0.006286
Jul 23, 2016	0.006303	0.006335	0.006270	0.006317
Jul 22, 2016	0.006417	0.006423	0.006303	0.006303
Jul 21, 2016	0.006390	0.006564	0.006374	0.006416
Jul 20, 2016	0.006404	0.006422	0.006380	0.006395
Jul 19, 2016	0.006479	0.006485	0.006397	0.006405
Jul 18, 2016	0.006538	0.006540	0.006481	0.006482
Jul 17, 2016	0.006571	0.006591	0.006516	0.006538
Jul 16, 2016	0.006442	0.006572	0.006440	0.006572
Jul 15, 2016	0.006388	0.006452	0.006388	0.006442
Jul 14, 2016	0.006408	0.006425	0.006377	0.006385
Jul 13, 2016	0.006350	0.006437	0.006350	0.006411
Jul 12, 2016	0.006534	0.006593	0.006350	0.006350
Jul 11, 2016	0.006671	0.006690	0.006530	0.006534
Jul 10, 2016	0.006672	0.006676	0.006621	0.006674
Jul 09, 2016	0.006717	0.006718	0.006624	0.006679
Jul 08, 2016	0.006609	0.006715	0.006563	0.006715
Jul 07, 2016	0.006689	0.006699	0.006495	0.006598
Jul 06, 2016	0.006716	0.006743	0.006687	0.006691
Jul 05, 2016	0.007029	0.007064	0.006659	0.006699
Jul 04, 2016	0.006621	0.008447	0.006599	0.007028
Jul 03, 2016	0.006714	0.006734	0.006582	0.006607
Jul 02, 2016	0.006788	0.006809	0.006691	0.006699
Jul 01, 2016	0.006651	0.006837	0.006633	0.006787
Jun 30, 2016	0.006778	0.006956	0.006640	0.006657
Jun 29, 2016	0.006775	0.006936	0.006670	0.006777
Jun 28, 2016	0.006407	0.006829	0.006407	0.006773
Jun 27, 2016	0.006402	0.006429	0.006364	0.006398
Jun 26, 2016	0.006409	0.006478	0.006354	0.006400
Jun 25, 2016	0.006427	0.006536	0.006383	0.006414
Jun 24, 2016	0.006380	0.006561	0.006348	0.006434
Jun 23, 2016	0.006519	0.006638	0.006253	0.006381
Jun 22, 2016	0.006179	0.006790	0.006084	0.006495
Jun 21, 2016	0.006630	0.006635	0.005976	0.006172
Jun 20, 2016	0.006818	0.006893	0.006626	0.006626
Jun 19, 2016	0.006585	0.006980	0.006561	0.006813
Jun 18, 2016	0.006693	0.006705	0.006529	0.006604
Jun 17, 2016	0.006681	0.006770	0.006637	0.006693
Jun 16, 2016	0.006889	0.006918	0.006624	0.006676
Jun 15, 2016	0.007093	0.007166	0.006871	0.006887
Jun 14, 2016	0.005828	0.007577	0.005798	0.007105
Jun 13, 2016	0.005852	0.005856	0.005765	0.005824
Jun 12, 2016	0.005766	0.005885	0.005747	0.005852
Jun 11, 2016	0.005737	0.005766	0.005722	0.005766
Jun 10, 2016	0.005785	0.005788	0.005732	0.005736
Jun 09, 2016	0.005769	0.005789	0.005750	0.005788
Jun 08, 2016	0.005780	0.005785	0.005753	0.005770
Jun 07, 2016	0.005764	0.005787	0.005753	0.005780
Jun 06, 2016	0.005795	0.005800	0.005751	0.005769
Jun 05, 2016	0.005779	0.005820	0.005779	0.005796
Jun 04, 2016	0.005829	0.005882	0.005755	0.005780
Jun 03, 2016	0.005766	0.005870	0.005741	0.005827
Jun 02, 2016	0.005809	0.005815	0.005757	0.005766
Jun 01, 2016	0.005701	0.005812	0.005690	0.005809
May 31, 2016	0.005746	0.005758	0.005689	0.005706
May 30, 2016	0.005664	0.005771	0.005645	0.005748
May 29, 2016	0.005682	0.005729	0.005614	0.005662
May 28, 2016	0.005676	0.005738	0.005659	0.005682
May 27, 2016	0.005670	0.005706	0.005650	0.005679
May 26, 2016	0.005757	0.005757	0.005641	0.005669
May 25, 2016	0.005962	0.005965	0.005754	0.005756
May 24, 2016	0.005911	0.005964	0.005898	0.005962
May 23, 2016	0.005935	0.005936	0.005905	0.005909
May 22, 2016	0.005989	0.005992	0.005933	0.005936
May 21, 2016	0.006090	0.006098	0.005988	0.005990
May 20, 2016	0.006028	0.006084	0.006020	0.006084
May 19, 2016	0.006025	0.006042	0.005988	0.006032
May 18, 2016	0.006022	0.006052	0.006016	0.006028
May 17, 2016	0.006022	0.006060	0.006022	0.006023
May 16, 2016	0.006061	0.006070	0.006018	0.006022
May 15, 2016	0.006072	0.006075	0.006006	0.006061
May 14, 2016	0.006111	0.006116	0.006033	0.006073
May 13, 2016	0.006167	0.006190	0.006105	0.006109
May 12, 2016	0.006188	0.006188	0.006153	0.006167
May 11, 2016	0.006272	0.006277	0.006186	0.006189
May 10, 2016	0.006399	0.006399	0.006270	0.006272
May 09, 2016	0.006402	0.006407	0.006386	0.006399
May 08, 2016	0.006490	0.006492	0.006403	0.006404
May 07, 2016	0.006395	0.006496	0.006395	0.006490
May 06, 2016	0.006198	0.006400	0.006188	0.006399
May 05, 2016	0.006323	0.006324	0.006187	0.006193
May 04, 2016	0.006558	0.006560	0.006307	0.006323
May 03, 2016	0.006716	0.006717	0.006555	0.006560
May 02, 2016	0.006791	0.006803	0.006712	0.006714
May 01, 2016	0.006812	0.006819	0.006789	0.006791
Apr 30, 2016	0.006761	0.006849	0.006761	0.006812
Apr 29, 2016	0.006689	0.006759	0.006671	0.006759
Apr 28, 2016	0.006720	0.006724	0.006666	0.006686
Apr 27, 2016	0.007094	0.007094	0.006725	0.006725
Apr 26, 2016	0.007279	0.007293	0.007095	0.007095
Apr 25, 2016	0.007250	0.007308	0.007234	0.007283
Apr 24, 2016	0.007344	0.007350	0.007223	0.007251
Apr 23, 2016	0.007282	0.007365	0.007282	0.007346
Apr 22, 2016	0.007439	0.007439	0.007275	0.007284
Apr 21, 2016	0.007265	0.007536	0.007265	0.007433
Apr 20, 2016	0.007117	0.007259	0.007019	0.007244
Apr 19, 2016	0.006987	0.007157	0.006982	0.007118
Apr 18, 2016	0.006503	0.007194	0.006503	0.006987
Apr 17, 2016	0.006499	0.006605	0.006488	0.006499
Apr 16, 2016	0.006421	0.006510	0.006276	0.006510
Apr 15, 2016	0.006303	0.006473	0.006229	0.006424
Apr 14, 2016	0.005697	0.006352	0.005693	0.006289
Apr 13, 2016	0.005884	0.005884	0.005685	0.005695
Apr 12, 2016	0.006048	0.006082	0.005873	0.005885
Apr 11, 2016	0.005937	0.006071	0.005883	0.006048
Apr 10, 2016	0.006289	0.006295	0.005924	0.005937
Apr 09, 2016	0.006674	0.006679	0.006287	0.006288
Apr 08, 2016	0.006875	0.006875	0.006657	0.006671
Apr 07, 2016	0.007308	0.007309	0.006875	0.006875
Apr 06, 2016	0.007467	0.007468	0.007296	0.007296
Apr 05, 2016	0.007488	0.007516	0.007451	0.007474
Apr 04, 2016	0.007502	0.007515	0.007483	0.007491
Apr 03, 2016	0.007504	0.007533	0.007492	0.007503
Apr 02, 2016	0.007418	0.007505	0.007410	0.007501
Apr 01, 2016	0.007391	0.007480	0.007391	0.007418
Mar 31, 2016	0.007332	0.007392	0.007274	0.007391
Mar 30, 2016	0.007568	0.007595	0.007327	0.007332
Mar 29, 2016	0.007573	0.007605	0.007397	0.007566
Mar 28, 2016	0.008025	0.008032	0.007467	0.007564
Mar 27, 2016	0.008062	0.008081	0.008005	0.008029
Mar 26, 2016	0.008190	0.008197	0.008053	0.008066
Mar 25, 2016	0.008234	0.008273	0.008191	0.008191
Mar 24, 2016	0.008335	0.008345	0.008229	0.008230
Mar 23, 2016	0.008109	0.008335	0.008106	0.008332
Mar 22, 2016	0.008028	0.008215	0.008025	0.008110
Mar 21, 2016	0.007956	0.008079	0.007880	0.008047
Mar 20, 2016	0.008015	0.008046	0.007872	0.007960
Mar 19, 2016	0.008124	0.008160	0.007894	0.008016
Mar 18, 2016	0.008284	0.008356	0.008013	0.008119
Mar 17, 2016	0.008183	0.008401	0.008162	0.008287
Mar 16, 2016	0.008185	0.008325	0.008115	0.008178
Mar 15, 2016	0.008478	0.008495	0.008035	0.008186
Mar 14, 2016	0.008624	0.008628	0.008472	0.008479
Mar 13, 2016	0.008698	0.008703	0.008579	0.008635
Mar 12, 2016	0.008801	0.008993	0.008611	0.008700
Mar 11, 2016	0.008183	0.008920	0.008183	0.008803
Mar 10, 2016	0.008051	0.008206	0.008045	0.008190
Mar 09, 2016	0.007951	0.008094	0.007941	0.008056
Mar 08, 2016	0.007911	0.007978	0.007895	0.007949
Mar 07, 2016	0.007835	0.007979	0.007831	0.007918
Mar 06, 2016	0.007857	0.007910	0.007801	0.007860
Mar 05, 2016	0.008117	0.008176	0.007824	0.007878
Mar 04, 2016	0.008036	0.008220	0.008033	0.008096
Mar 03, 2016	0.008028	0.008215	0.007993	0.008162
Mar 02, 2016	0.008005	0.008055	0.007980	0.008030
Mar 01, 2016	0.007923	0.008020	0.007923	0.008006
Feb 29, 2016	0.007895	0.007938	0.007823	0.007923
Feb 28, 2016	0.007977	0.007987	0.007854	0.007889
Feb 27, 2016	0.008063	0.008077	0.007972	0.007972
Feb 26, 2016	0.008025	0.008058	0.008014	0.008058
Feb 25, 2016	0.008063	0.008076	0.008015	0.008027
Feb 24, 2016	0.007971	0.008077	0.007951	0.008076
Feb 23, 2016	0.008055	0.008070	0.007954	0.007970
Feb 22, 2016	0.008100	0.008100	0.008040	0.008050
Feb 21, 2016	0.008246	0.008282	0.008067	0.008100
Feb 20, 2016	0.008253	0.008375	0.008220	0.008253
Feb 19, 2016	0.007994	0.008252	0.007994	0.008245
Feb 18, 2016	0.008135	0.008135	0.007897	0.007995
Feb 17, 2016	0.008456	0.008461	0.008113	0.008138
Feb 16, 2016	0.008631	0.008660	0.008434	0.008451
Feb 15, 2016	0.008593	0.008656	0.008559	0.008631
Feb 14, 2016	0.008263	0.008639	0.008263	0.008590
Feb 13, 2016	0.007961	0.008315	0.007937	0.008257
Feb 12, 2016	0.007822	0.007979	0.007730	0.007979
Feb 11, 2016	0.007857	0.007897	0.007770	0.007815
Feb 10, 2016	0.007827	0.007943	0.007820	0.007853
Feb 09, 2016	0.007999	0.008020	0.007736	0.007815
Feb 08, 2016	0.008375	0.008551	0.007959	0.007991
Feb 07, 2016	0.007924	0.008666	0.007924	0.008338
Feb 06, 2016	0.007273	0.007922	0.007247	0.007922
Feb 05, 2016	0.006965	0.007272	0.006958	0.007262
Feb 04, 2016	0.006882	0.006990	0.006856	0.006970
Feb 03, 2016	0.006771	0.006906	0.006760	0.006883
Feb 02, 2016	0.006545	0.006791	0.006545	0.006768
Feb 01, 2016	0.006398	0.006551	0.006366	0.006542
Jan 31, 2016	0.006631	0.006638	0.006359	0.006399
Jan 30, 2016	0.006824	0.007001	0.006612	0.006634
Jan 29, 2016	0.006228	0.006906	0.005922	0.006840
Jan 28, 2016	0.006507	0.006507	0.006090	0.006226
Jan 27, 2016	0.005408	0.006571	0.005408	0.006506
Jan 26, 2016	0.005138	0.005477	0.005125	0.005419
Jan 25, 2016	0.005218	0.005218	0.005064	0.005135
Jan 24, 2016	0.005121	0.005237	0.005119	0.005219
Jan 23, 2016	0.005109	0.005192	0.005109	0.005120
Jan 22, 2016	0.005314	0.005314	0.005093	0.005114
Jan 21, 2016	0.005370	0.005385	0.005305	0.005313
Jan 20, 2016	0.005271	0.005394	0.005178	0.005381
Jan 19, 2016	0.005330	0.005330	0.005262	0.005271
Jan 18, 2016	0.005270	0.005416	0.005268	0.005326
Jan 17, 2016	0.005110	0.005285	0.005011	0.005266
Jan 16, 2016	0.005221	0.005274	0.005072	0.005112
Jan 15, 2016	0.005528	0.005528	0.005229	0.005229
Jan 14, 2016	0.005795	0.005802	0.005526	0.005529
Jan 13, 2016	0.005836	0.005836	0.005753	0.005794
Jan 12, 2016	0.005892	0.005897	0.005854	0.005854
Jan 11, 2016	0.005963	0.005970	0.005892	0.005895
Jan 10, 2016	0.005982	0.005999	0.005931	0.005956
Jan 09, 2016	0.005937	0.006005	0.005933	0.005982
Jan 08, 2016	0.006040	0.006055	0.005905	0.005933
Jan 07, 2016	0.005998	0.006090	0.005998	0.006039
Jan 06, 2016	0.006044	0.006044	0.005983	0.006003
Jan 05, 2016	0.005954	0.006044	0.005953	0.006044
Jan 04, 2016	0.006019	0.006059	0.005953	0.005958
Jan 03, 2016	0.006066	0.006070	0.005988	0.006017
Jan 02, 2016	0.005957	0.006079	0.005933	0.006065
Jan 01, 2016	0.006040	0.006044	0.005933	0.005955
Dec 31, 2015	0.006184	0.006184	0.006039	0.006040
Dec 30, 2015	0.006266	0.006271	0.006170	0.006182
Dec 29, 2015	0.006342	0.006353	0.006245	0.006264
Dec 28, 2015	0.006348	0.006442	0.006326	0.006340
Dec 27, 2015	0.006172	0.006355	0.006132	0.006343
Dec 26, 2015	0.006491	0.006508	0.006145	0.006174
Dec 25, 2015	0.005971	0.006514	0.005970	0.006487
Dec 24, 2015	0.006023	0.006053	0.005955	0.005971
Dec 23, 2015	0.006188	0.006211	0.006015	0.006021
Dec 22, 2015	0.006271	0.006278	0.006184	0.006193
Dec 21, 2015	0.006234	0.006356	0.006158	0.006269
Dec 20, 2015	0.006292	0.006341	0.006205	0.006235
Dec 19, 2015	0.006383	0.006401	0.006254	0.006291
Dec 18, 2015	0.006686	0.006686	0.006367	0.006387
Dec 17, 2015	0.006754	0.006808	0.006670	0.006694
Dec 16, 2015	0.006689	0.006816	0.006454	0.006755
Dec 15, 2015	0.007600	0.007600	0.006622	0.006684
Dec 14, 2015	0.008774	0.008780	0.007614	0.007614
Dec 13, 2015	0.008532	0.008867	0.008472	0.008779
Dec 12, 2015	0.008454	0.008642	0.008123	0.008536
Dec 11, 2015	0.008445	0.008453	0.007793	0.008441
Dec 10, 2015	0.008527	0.009071	0.008444	0.008444
Dec 09, 2015	0.006796	0.008905	0.006746	0.008523
Dec 08, 2015	0.005561	0.006775	0.005560	0.006775
Dec 07, 2015	0.005312	0.005560	0.005297	0.005560
Dec 06, 2015	0.005302	0.005368	0.005153	0.005344
Dec 05, 2015	0.004756	0.005301	0.004756	0.005301
Dec 04, 2015	0.004262	0.004782	0.004239	0.004754
Dec 03, 2015	0.004176	0.004304	0.004173	0.004262
Dec 02, 2015	0.004091	0.004189	0.004041	0.004173
Dec 01, 2015	0.004202	0.004208	0.004054	0.004090
Nov 30, 2015	0.004298	0.004322	0.004185	0.004201
Nov 29, 2015	0.004243	0.004299	0.004234	0.004299
Nov 28, 2015	0.004275	0.004275	0.004208	0.004238
Nov 27, 2015	0.004276	0.004304	0.004229	0.004276
Nov 26, 2015	0.004317	0.004435	0.004227	0.004291
Nov 25, 2015	0.004242	0.004325	0.004228	0.004318
Nov 24, 2015	0.004288	0.004288	0.004201	0.004242
Nov 23, 2015	0.004269	0.004351	0.004237	0.004288
Nov 22, 2015	0.004249	0.004274	0.004238	0.004267
Nov 21, 2015	0.004227	0.004268	0.004214	0.004245
Nov 20, 2015	0.004222	0.004237	0.004167	0.004227
Nov 19, 2015	0.004259	0.004263	0.004205	0.004222
Nov 18, 2015	0.004251	0.004288	0.004243	0.004258
Nov 17, 2015	0.004234	0.004293	0.004228	0.004250
Nov 16, 2015	0.004163	0.004237	0.004130	0.004234
Nov 15, 2015	0.004327	0.004327	0.004144	0.004165
Nov 14, 2015	0.004482	0.004493	0.004316	0.004328
Nov 13, 2015	0.004536	0.004549	0.004436	0.004477
Nov 12, 2015	0.004266	0.004580	0.004266	0.004541
Nov 11, 2015	0.004408	0.004440	0.004173	0.004264
Nov 10, 2015	0.004606	0.004612	0.004364	0.004406
Nov 09, 2015	0.004650	0.004723	0.004590	0.004609
Nov 08, 2015	0.004684	0.004698	0.004596	0.004647
Nov 07, 2015	0.004566	0.004701	0.004558	0.004694
Nov 06, 2015	0.004500	0.004646	0.004375	0.004562
Nov 05, 2015	0.004955	0.005041	0.004470	0.004506
Nov 04, 2015	0.005402	0.005860	0.004837	0.004947
Nov 03, 2015	0.005160	0.005546	0.005128	0.005383
Nov 02, 2015	0.004896	0.005182	0.004892	0.005156
Nov 01, 2015	0.004685	0.004918	0.004663	0.004901
Oct 31, 2015	0.004840	0.004887	0.004633	0.004687
Oct 30, 2015	0.004635	0.004882	0.004622	0.004839
Oct 29, 2015	0.004670	0.004727	0.004634	0.004634
Oct 28, 2015	0.004648	0.004688	0.004621	0.004675
Oct 27, 2015	0.004674	0.004716	0.004628	0.004649
Oct 26, 2015	0.004560	0.004675	0.004554	0.004675
Oct 25, 2015	0.004662	0.004737	0.004555	0.004556
Oct 24, 2015	0.004676	0.004687	0.004631	0.004662
Oct 23, 2015	0.004726	0.004773	0.004671	0.004677
Oct 22, 2015	0.004696	0.004726	0.004671	0.004723
Oct 21, 2015	0.004739	0.004745	0.004636	0.004697
Oct 20, 2015	0.005042	0.005048	0.004730	0.004731
Oct 19, 2015	0.004976	0.005083	0.004976	0.005043
Oct 18, 2015	0.005199	0.005200	0.004967	0.004979
Oct 17, 2015	0.005400	0.005429	0.005174	0.005203
Oct 16, 2015	0.005392	0.005441	0.005376	0.005398
Oct 15, 2015	0.005424	0.005468	0.005390	0.005399
Oct 14, 2015	0.005379	0.005464	0.005376	0.005418
Oct 13, 2015	0.005262	0.005386	0.005246	0.005377
Oct 12, 2015	0.005181	0.005265	0.005174	0.005260
Oct 11, 2015	0.005038	0.005183	0.005011	0.005182
Oct 10, 2015	0.004983	0.005116	0.004970	0.005037
Oct 09, 2015	0.005032	0.005035	0.004857	0.004983
Oct 08, 2015	0.005375	0.005375	0.005031	0.005031
Oct 07, 2015	0.005328	0.005477	0.005327	0.005375
Oct 06, 2015	0.005009	0.005336	0.004991	0.005328
Oct 05, 2015	0.005237	0.005237	0.005008	0.005008
Oct 04, 2015	0.005515	0.005515	0.005236	0.005236
Oct 03, 2015	0.005855	0.005902	0.005514	0.005517
Oct 02, 2015	0.005445	0.005869	0.005443	0.005868
Oct 01, 2015	0.005518	0.005540	0.005428	0.005448
Sep 30, 2015	0.005582	0.005582	0.005421	0.005520
Sep 29, 2015	0.006291	0.006291	0.005579	0.005579
Sep 28, 2015	0.006535	0.006573	0.006290	0.006293
Sep 27, 2015	0.006500	0.006562	0.006431	0.006536
Sep 26, 2015	0.006651	0.006651	0.006501	0.006501
Sep 25, 2015	0.006707	0.006736	0.006625	0.006650
Sep 24, 2015	0.006668	0.006710	0.006604	0.006710
Sep 23, 2015	0.007168	0.007183	0.006668	0.006668
Sep 22, 2015	0.007245	0.007250	0.007152	0.007168
Sep 21, 2015	0.007633	0.007634	0.007247	0.007247
Sep 20, 2015	0.007482	0.007688	0.007479	0.007637
Sep 19, 2015	0.007527	0.007527	0.007364	0.007482
Sep 18, 2015	0.007383	0.007538	0.007377	0.007529
Sep 17, 2015	0.007427	0.007438	0.007363	0.007372
Sep 16, 2015	0.007721	0.007752	0.007406	0.007426
Sep 15, 2015	0.007398	0.007892	0.007344	0.007720
Sep 14, 2015	0.008535	0.008645	0.007404	0.007404
Sep 13, 2015	0.008197	0.008538	0.008150	0.008532
Sep 12, 2015	0.008447	0.008447	0.008144	0.008197
Sep 11, 2015	0.007661	0.008444	0.007633	0.008444
Sep 10, 2015	0.007685	0.007720	0.007661	0.007663
Sep 09, 2015	0.007830	0.007830	0.007664	0.007678
Sep 08, 2015	0.007917	0.007978	0.007830	0.007831
Sep 07, 2015	0.007889	0.007955	0.007889	0.007918
Sep 06, 2015	0.007861	0.007946	0.007779	0.007891
Sep 05, 2015	0.007352	0.007921	0.007351	0.007860
Sep 04, 2015	0.007430	0.007433	0.007286	0.007355
Sep 03, 2015	0.007692	0.007699	0.007431	0.007431
Sep 02, 2015	0.007821	0.007833	0.007694	0.007700
Sep 01, 2015	0.007884	0.007888	0.007771	0.007815
Aug 31, 2015	0.008061	0.008092	0.007878	0.007884
Aug 30, 2015	0.007751	0.008052	0.007751	0.008050
Aug 29, 2015	0.007427	0.007751	0.007361	0.007751
Aug 28, 2015	0.007555	0.007555	0.007419	0.007433
Aug 27, 2015	0.007474	0.007620	0.007474	0.007551
Aug 26, 2015	0.007133	0.007507	0.007041	0.007492
Aug 25, 2015	0.007399	0.007399	0.007093	0.007126
Aug 24, 2015	0.007553	0.007649	0.007391	0.007397
Aug 23, 2015	0.007722	0.007723	0.007543	0.007552
Aug 22, 2015	0.007878	0.007888	0.007712	0.007722
Aug 21, 2015	0.007871	0.007913	0.007847	0.007881
Aug 20, 2015	0.007760	0.007872	0.007719	0.007872
Aug 19, 2015	0.007526	0.007947	0.007526	0.007758
Aug 18, 2015	0.008301	0.008334	0.007552	0.007552
Aug 17, 2015	0.008314	0.008361	0.008266	0.008301
Aug 16, 2015	0.008419	0.008419	0.008310	0.008315
Aug 15, 2015	0.008330	0.008465	0.008325	0.008420
Aug 14, 2015	0.008148	0.008339	0.008075	0.008337
Aug 13, 2015	0.008266	0.008267	0.008146	0.008147
Aug 12, 2015	0.008591	0.008593	0.008271	0.008271
Aug 11, 2015	0.008751	0.008766	0.008591	0.008591
Aug 10, 2015	0.008812	0.008905	0.008746	0.008750
Aug 09, 2015	0.008484	0.008823	0.008472	0.008808
Aug 08, 2015	0.008164	0.008708	0.008164	0.008476
Aug 07, 2015	0.008020	0.008153	0.007989	0.008152
Aug 06, 2015	0.008225	0.008225	0.008024	0.008024
Aug 05, 2015	0.008264	0.008286	0.008221	0.008224
Aug 04, 2015	0.008277	0.008320	0.008263	0.008271
Aug 03, 2015	0.008230	0.008321	0.008223	0.008281
Aug 02, 2015	0.008225	0.008232	0.008170	0.008230
Aug 01, 2015	0.008438	0.008441	0.008220	0.008222
Jul 31, 2015	0.008494	0.008494	0.008420	0.008437
Jul 30, 2015	0.008517	0.008582	0.008471	0.008491
Jul 29, 2015	0.008451	0.008549	0.008272	0.008519
Jul 28, 2015	0.008565	0.008602	0.008446	0.008449
Jul 27, 2015	0.008116	0.008579	0.008115	0.008562
Jul 26, 2015	0.007888	0.008125	0.007806	0.008115
Jul 25, 2015	0.007655	0.007892	0.007632	0.007888
Jul 24, 2015	0.007486	0.007697	0.007473	0.007656
Jul 23, 2015	0.007579	0.007582	0.007447	0.007487
Jul 22, 2015	0.007708	0.007714	0.007571	0.007579
Jul 21, 2015	0.007951	0.007951	0.007699	0.007711
Jul 20, 2015	0.008093	0.008162	0.007943	0.007948
Jul 19, 2015	0.008061	0.008094	0.008007	0.008091
Jul 18, 2015	0.008023	0.008080	0.007997	0.008060
Jul 17, 2015	0.008061	0.008067	0.007952	0.008026
Jul 16, 2015	0.008513	0.008578	0.008059	0.008062
Jul 15, 2015	0.008638	0.008710	0.008504	0.008516
Jul 14, 2015	0.008565	0.008727	0.008545	0.008631
Jul 13, 2015	0.008610	0.008613	0.008213	0.008569
Jul 12, 2015	0.008611	0.008779	0.008585	0.008614
Jul 11, 2015	0.008848	0.008909	0.008604	0.008615
Jul 10, 2015	0.008956	0.009352	0.008806	0.008847
Jul 09, 2015	0.009467	0.009486	0.008961	0.008987
Jul 08, 2015	0.009572	0.009633	0.009386	0.009449
Jul 07, 2015	0.009882	0.009954	0.009487	0.009580
Jul 06, 2015	0.010021	0.010196	0.009873	0.009873
Jul 05, 2015	0.010770	0.010785	0.009986	0.010021
Jul 04, 2015	0.011099	0.011106	0.010774	0.010782
Jul 03, 2015	0.011038	0.011105	0.011004	0.011099
Jul 02, 2015	0.011195	0.011243	0.010969	0.011037
Jul 01, 2015	0.011317	0.011406	0.011027	0.011198
Jun 30, 2015	0.011970	0.012017	0.011319	0.011319
Jun 29, 2015	0.011487	0.012011	0.011485	0.011977
Jun 28, 2015	0.011444	0.011477	0.011268	0.011467
Jun 27, 2015	0.011290	0.011582	0.011287	0.011445
Jun 26, 2015	0.011048	0.011294	0.011029	0.011288
Jun 25, 2015	0.010911	0.011056	0.010896	0.011048
Jun 24, 2015	0.010667	0.011089	0.010639	0.010914
Jun 23, 2015	0.010568	0.010713	0.010485	0.010667
Jun 22, 2015	0.010295	0.010567	0.010252	0.010567
Jun 21, 2015	0.011030	0.011068	0.010215	0.010314
Jun 20, 2015	0.011288	0.011288	0.010854	0.011039
Jun 19, 2015	0.010279	0.011320	0.010278	0.011207
Jun 18, 2015	0.009689	0.010264	0.009642	0.010252
Jun 17, 2015	0.009427	0.009774	0.009409	0.009678
Jun 16, 2015	0.008580	0.009457	0.008580	0.009424
Jun 15, 2015	0.008146	0.008581	0.008144	0.008579
Jun 14, 2015	0.008093	0.008239	0.008079	0.008147
Jun 13, 2015	0.007994	0.008136	0.007994	0.008093
Jun 12, 2015	0.008041	0.008084	0.007992	0.008057
Jun 11, 2015	0.007999	0.008042	0.007996	0.008042
Jun 10, 2015	0.007984	0.008036	0.007982	0.007999
Jun 09, 2015	0.008009	0.008019	0.007963	0.007995
Jun 08, 2015	0.007867	0.008005	0.007866	0.007999
Jun 07, 2015	0.007905	0.007954	0.007851	0.007874
Jun 06, 2015	0.007956	0.007961	0.007895	0.007905
Jun 05, 2015	0.007884	0.007972	0.007871	0.007956
Jun 04, 2015	0.008010	0.008010	0.007879	0.007879
Jun 03, 2015	0.008007	0.008146	0.007952	0.008012
Jun 02, 2015	0.007582	0.007985	0.007429	0.007981
Jun 01, 2015	0.008276	0.008295	0.007563	0.007579
May 31, 2015	0.008403	0.008455	0.008175	0.008290
May 30, 2015	0.009060	0.009094	0.008335	0.008409
May 29, 2015	0.007837	0.009179	0.007813	0.009056
May 28, 2015	0.006941	0.007857	0.006921	0.007857
May 27, 2015	0.006792	0.007019	0.006774	0.006937
May 26, 2015	0.006928	0.006974	0.006764	0.006794
May 25, 2015	0.006843	0.006951	0.006798	0.006925
May 24, 2015	0.006798	0.006857	0.006762	0.006809
May 23, 2015	0.006639	0.006823	0.006638	0.006800
May 22, 2015	0.006573	0.006653	0.006552	0.006649
May 21, 2015	0.006636	0.006658	0.006549	0.006573
May 20, 2015	0.006537	0.006803	0.006537	0.006636
May 19, 2015	0.005746	0.006539	0.005697	0.006539
May 18, 2015	0.006327	0.006329	0.005745	0.005748
May 17, 2015	0.006586	0.006586	0.006329	0.006329
May 16, 2015	0.006655	0.006667	0.006559	0.006588
May 15, 2015	0.006603	0.006685	0.006563	0.006655
May 14, 2015	0.006853	0.006853	0.006598	0.006602
May 13, 2015	0.007209	0.007226	0.006857	0.006857
May 12, 2015	0.007365	0.007371	0.007213	0.007213
May 11, 2015	0.007379	0.007413	0.007360	0.007360
May 10, 2015	0.007572	0.007572	0.007374	0.007382
May 09, 2015	0.007492	0.007646	0.007477	0.007574
May 08, 2015	0.007531	0.007531	0.007390	0.007491
May 07, 2015	0.007787	0.007791	0.007526	0.007529
May 06, 2015	0.007920	0.007920	0.007770	0.007782
May 05, 2015	0.008017	0.008020	0.007910	0.007910
May 04, 2015	0.008057	0.008070	0.007997	0.008017
May 03, 2015	0.008036	0.008115	0.008013	0.008055
May 02, 2015	0.008020	0.008077	0.007978	0.008037
May 01, 2015	0.008035	0.008080	0.008018	0.008018
Apr 30, 2015	0.007857	0.008073	0.007853	0.008029
Apr 29, 2015	0.007633	0.007863	0.007630	0.007863
Apr 28, 2015	0.007764	0.007764	0.007607	0.007630
Apr 27, 2015	0.007742	0.007846	0.007675	0.007765
Apr 26, 2015	0.008290	0.008297	0.007684	0.007740
Apr 25, 2015	0.008080	0.008292	0.008039	0.008291
Apr 24, 2015	0.008018	0.008101	0.007935	0.008077
Apr 23, 2015	0.008027	0.008046	0.008004	0.008019
Apr 22, 2015	0.007975	0.008063	0.007954	0.008025
Apr 21, 2015	0.007933	0.007975	0.007817	0.007968
Apr 20, 2015	0.007841	0.007954	0.007835	0.007932
Apr 19, 2015	0.007899	0.007916	0.007841	0.007846
Apr 18, 2015	0.008042	0.008044	0.007898	0.007900
Apr 17, 2015	0.008014	0.008064	0.008008	0.008025
Apr 16, 2015	0.007955	0.008014	0.007943	0.008010
Apr 15, 2015	0.008160	0.008163	0.007881	0.007949
Apr 14, 2015	0.008193	0.008299	0.008139	0.008159
Apr 13, 2015	0.008612	0.008623	0.008162	0.008194
Apr 12, 2015	0.008299	0.008701	0.008271	0.008610
Apr 11, 2015	0.008515	0.008517	0.008264	0.008300
Apr 10, 2015	0.008776	0.008776	0.008503	0.008512
Apr 09, 2015	0.009192	0.009204	0.008780	0.008780
Apr 08, 2015	0.009067	0.009269	0.009062	0.009198
Apr 07, 2015	0.008775	0.009080	0.008774	0.009071
Apr 06, 2015	0.008749	0.008839	0.008736	0.008786
Apr 05, 2015	0.008847	0.008852	0.008716	0.008739
Apr 04, 2015	0.008717	0.008967	0.008714	0.008844
Apr 03, 2015	0.007905	0.008722	0.007904	0.008720
Apr 02, 2015	0.007666	0.007924	0.007665	0.007906
Apr 01, 2015	0.007772	0.007772	0.007564	0.007668
Mar 31, 2015	0.008452	0.008455	0.007772	0.007772
Mar 30, 2015	0.008499	0.008638	0.008448	0.008453
Mar 29, 2015	0.008851	0.008859	0.008464	0.008498
Mar 28, 2015	0.008888	0.008908	0.008751	0.008851
Mar 27, 2015	0.008764	0.008960	0.008728	0.008895
Mar 26, 2015	0.009115	0.009115	0.008736	0.008764
Mar 25, 2015	0.009764	0.009827	0.009115	0.009115
Mar 24, 2015	0.010313	0.010344	0.009757	0.009757
Mar 23, 2015	0.010198	0.010381	0.010098	0.010308
Mar 22, 2015	0.010181	0.010245	0.010122	0.010196
Mar 21, 2015	0.010445	0.010453	0.010162	0.010182
Mar 20, 2015	0.010480	0.010579	0.010339	0.010446
Mar 19, 2015	0.010594	0.010636	0.010296	0.010480
Mar 18, 2015	0.010929	0.010962	0.010516	0.010575
Mar 17, 2015	0.010966	0.011033	0.010901	0.010929
Mar 16, 2015	0.010825	0.011047	0.010796	0.010968
Mar 15, 2015	0.011095	0.011229	0.010817	0.010817
Mar 14, 2015	0.010487	0.011098	0.010436	0.011088
Mar 13, 2015	0.010352	0.010587	0.010333	0.010511
Mar 12, 2015	0.010227	0.010367	0.010153	0.010359
Mar 11, 2015	0.010087	0.010242	0.010044	0.010229
Mar 10, 2015	0.010640	0.010705	0.010077	0.010086
Mar 09, 2015	0.009963	0.010808	0.009963	0.010643
Mar 08, 2015	0.010528	0.010528	0.009939	0.009961
Mar 07, 2015	0.010858	0.010858	0.010522	0.010535
Mar 06, 2015	0.011552	0.011664	0.010856	0.010856
Mar 05, 2015	0.010056	0.011613	0.010056	0.011543
Mar 04, 2015	0.010222	0.010222	0.009760	0.010032
Mar 03, 2015	0.012191	0.012193	0.010593	0.010593
Mar 02, 2015	0.012233	0.012235	0.011931	0.012192
Mar 01, 2015	0.012992	0.012992	0.012142	0.012239
Feb 28, 2015	0.013357	0.013368	0.012995	0.012998
Feb 27, 2015	0.013294	0.013547	0.013287	0.013360
Feb 26, 2015	0.013405	0.013414	0.013257	0.013299
Feb 25, 2015	0.013403	0.013472	0.013390	0.013401
Feb 24, 2015	0.013351	0.013424	0.013345	0.013396
Feb 23, 2015	0.013124	0.013363	0.013110	0.013334
Feb 22, 2015	0.013289	0.013376	0.013080	0.013130
Feb 21, 2015	0.013462	0.013537	0.013244	0.013286
Feb 20, 2015	0.013741	0.013765	0.013481	0.013481
Feb 19, 2015	0.013806	0.013851	0.013758	0.013758
Feb 18, 2015	0.014028	0.014049	0.013719	0.013791
Feb 17, 2015	0.013751	0.014048	0.013722	0.014031
Feb 16, 2015	0.013746	0.013853	0.013580	0.013750
Feb 15, 2015	0.014941	0.015038	0.013566	0.013712
Feb 14, 2015	0.014564	0.015029	0.014564	0.014956
Feb 13, 2015	0.014031	0.014661	0.014031	0.014566
Feb 12, 2015	0.013780	0.014068	0.013774	0.014039
Feb 11, 2015	0.013643	0.013780	0.013588	0.013776
Feb 10, 2015	0.014003	0.014007	0.013626	0.013649
Feb 09, 2015	0.014430	0.014433	0.013994	0.013994
Feb 08, 2015	0.014576	0.014651	0.014398	0.014427
Feb 07, 2015	0.015186	0.015193	0.014459	0.014577
Feb 06, 2015	0.014473	0.015494	0.014473	0.015185
Feb 05, 2015	0.013503	0.014472	0.013503	0.014466
Feb 04, 2015	0.013027	0.013526	0.013027	0.013498
Feb 03, 2015	0.013658	0.013711	0.012983	0.013025
Feb 02, 2015	0.014137	0.014199	0.013534	0.013670
Feb 01, 2015	0.014286	0.014331	0.014088	0.014139
Jan 31, 2015	0.014441	0.014640	0.014271	0.014298
Jan 30, 2015	0.014691	0.014815	0.014438	0.014443
Jan 29, 2015	0.014966	0.014989	0.014538	0.014706
Jan 28, 2015	0.015836	0.015932	0.014918	0.014970
Jan 27, 2015	0.016007	0.016065	0.015461	0.015841
Jan 26, 2015	0.016586	0.017808	0.015831	0.016019
Jan 25, 2015	0.016703	0.016918	0.016393	0.016578
Jan 24, 2015	0.016720	0.016868	0.016598	0.016736
Jan 23, 2015	0.017013	0.017013	0.016694	0.016734
Jan 22, 2015	0.016700	0.017042	0.016671	0.017010
Jan 21, 2015	0.016108	0.016717	0.016108	0.016653
Jan 20, 2015	0.015947	0.016114	0.015850	0.016112
Jan 19, 2015	0.015657	0.016017	0.015651	0.015991
Jan 18, 2015	0.015386	0.015806	0.015092	0.015622
Jan 17, 2015	0.016393	0.016401	0.015361	0.015361
Jan 16, 2015	0.016449	0.017094	0.016361	0.016403
Jan 15, 2015	0.014204	0.016536	0.014204	0.016444
Jan 14, 2015	0.015611	0.022335	0.014113	0.014233
Jan 13, 2015	0.018428	0.020768	0.015599	0.015648
Jan 12, 2015	0.018782	0.018853	0.018434	0.018434
Jan 11, 2015	0.019244	0.019287	0.018755	0.018765
Jan 10, 2015	0.020623	0.020623	0.019230	0.019233
Jan 09, 2015	0.020650	0.020665	0.020512	0.020576
Jan 08, 2015	0.020843	0.020917	0.020668	0.020676
Jan 07, 2015	0.020727	0.020899	0.020492	0.020843
Jan 06, 2015	0.020325	0.020745	0.020282	0.020732
Jan 05, 2015	0.018943	0.020316	0.018890	0.020316
Jan 04, 2015	0.022100	0.022142	0.018828	0.018928
Jan 03, 2015	0.024297	0.024317	0.022106	0.022106
Jan 02, 2015	0.024377	0.024423	0.024309	0.024318
Jan 01, 2015	0.024455	0.024455	0.024205	0.024390
Dec 31, 2014	0.024194	0.024438	0.024152	0.024438
Dec 30, 2014	0.024229	0.024278	0.024040	0.024200
Dec 29, 2014	0.023778	0.024294	0.023774	0.024231
Dec 28, 2014	0.024078	0.024181	0.023611	0.023764
Dec 27, 2014	0.025299	0.025335	0.024067	0.024074
Dec 26, 2014	0.024146	0.025394	0.024146	0.025308
Dec 25, 2014	0.023388	0.024138	0.023387	0.024138
Dec 24, 2014	0.023838	0.023852	0.023160	0.023382
Dec 23, 2014	0.025555	0.025611	0.023878	0.023878
Dec 22, 2014	0.024870	0.025718	0.024868	0.025562
Dec 21, 2014	0.024225	0.025171	0.024183	0.024921
Dec 20, 2014	0.023352	0.024207	0.022644	0.024207
Dec 19, 2014	0.027975	0.028034	0.023338	0.023338
Dec 18, 2014	0.026026	0.028015	0.025511	0.027940
Dec 17, 2014	0.021553	0.026065	0.021512	0.026065
Dec 16, 2014	0.018246	0.021681	0.018207	0.021539
Dec 15, 2014	0.017115	0.018242	0.017096	0.018242
Dec 14, 2014	0.016991	0.017218	0.016977	0.017127
Dec 13, 2014	0.016374	0.017182	0.016374	0.016992
Dec 12, 2014	0.016374	0.016374	0.016374	0.016374
Dec 11, 2014	0.015885	0.016374	0.015805	0.016374
Dec 10, 2014	0.015071	0.015933	0.015015	0.015908
Dec 09, 2014	0.013418	0.015071	0.013268	0.015068
Dec 08, 2014	0.014793	0.015188	0.013190	0.013421
Dec 07, 2014	0.014406	0.014794	0.014388	0.014794
Dec 06, 2014	0.013771	0.014412	0.013726	0.014406
Dec 05, 2014	0.013336	0.013798	0.013311	0.013785
Dec 04, 2014	0.013137	0.013348	0.013137	0.013343
Dec 03, 2014	0.013164	0.013185	0.012918	0.013130
Dec 02, 2014	0.012587	0.013307	0.012568	0.013158
Dec 01, 2014	0.011204	0.012572	0.008105	0.012559
Nov 30, 2014	0.013977	0.013977	0.011182	0.011211
Nov 29, 2014	0.015160	0.015160	0.013982	0.013982
Nov 28, 2014	0.014201	0.015297	0.013757	0.015165
Nov 27, 2014	0.011004	0.014205	0.011004	0.014205
Nov 26, 2014	0.009742	0.011014	0.009695	0.011004
Nov 25, 2014	0.008561	0.009841	0.008561	0.009740
Nov 24, 2014	0.008595	0.008791	0.008362	0.008562
Nov 23, 2014	0.007669	0.008773	0.007669	0.008599
Nov 22, 2014	0.006591	0.007760	0.006591	0.007663
Nov 21, 2014	0.006072	0.006603	0.006037	0.006589
Nov 20, 2014	0.005693	0.006096	0.005692	0.006058
Nov 19, 2014	0.005424	0.005696	0.005424	0.005696
Nov 18, 2014	0.005337	0.005449	0.005337	0.005432
Nov 17, 2014	0.005181	0.005378	0.005181	0.005340
Nov 16, 2014	0.005039	0.005205	0.005039	0.005181
Nov 15, 2014	0.005206	0.005229	0.005016	0.005052
Nov 14, 2014	0.005022	0.005197	0.004896	0.005197
Nov 13, 2014	0.005128	0.005297	0.004910	0.005035
Nov 12, 2014	0.004897	0.005209	0.004897	0.005097
Nov 11, 2014	0.004896	0.004906	0.004873	0.004899
Nov 10, 2014	0.004920	0.004956	0.004886	0.004901
Nov 09, 2014	0.004904	0.004941	0.004880	0.004926
Nov 08, 2014	0.004877	0.004914	0.004877	0.004907
Nov 07, 2014	0.004878	0.004895	0.004854	0.004877
Nov 06, 2014	0.004861	0.004898	0.004834	0.004877
Nov 05, 2014	0.004806	0.004872	0.004806	0.004861
Nov 04, 2014	0.004809	0.004859	0.004780	0.004805
Nov 03, 2014	0.004658	0.004811	0.004652	0.004810
Nov 02, 2014	0.004674	0.004723	0.004638	0.004664
Nov 01, 2014	0.004865	0.004879	0.004636	0.004671
Oct 31, 2014	0.004887	0.004904	0.004849	0.004867
Oct 30, 2014	0.004774	0.004910	0.004769	0.004890
Oct 29, 2014	0.004840	0.004848	0.004746	0.004776
Oct 28, 2014	0.004890	0.004894	0.004616	0.004845
Oct 27, 2014	0.004546	0.004920	0.004534	0.004891
Oct 26, 2014	0.004720	0.004721	0.004525	0.004548
Oct 25, 2014	0.005083	0.005087	0.004712	0.004719
Oct 24, 2014	0.005143	0.005154	0.005071	0.005082
Oct 23, 2014	0.005185	0.005243	0.005134	0.005142
Oct 22, 2014	0.005190	0.005220	0.005176	0.005187
Oct 21, 2014	0.005072	0.005216	0.005069	0.005193
Oct 20, 2014	0.004945	0.005083	0.004921	0.005073
Oct 19, 2014	0.004964	0.004989	0.004923	0.004949
Oct 18, 2014	0.004904	0.004985	0.004892	0.004965
Oct 17, 2014	0.004855	0.004910	0.004824	0.004904
Oct 16, 2014	0.004825	0.004858	0.004776	0.004855
Oct 15, 2014	0.004872	0.004881	0.004791	0.004827
Oct 14, 2014	0.004794	0.004930	0.004790	0.004872
Oct 13, 2014	0.004853	0.004867	0.004720	0.004784
Oct 12, 2014	0.004754	0.004867	0.004744	0.004858
Oct 11, 2014	0.004873	0.004881	0.004748	0.004753
Oct 10, 2014	0.004824	0.004876	0.004814	0.004871
Oct 09, 2014	0.004787	0.004879	0.004770	0.004824
Oct 08, 2014	0.004769	0.004806	0.004699	0.004787
Oct 07, 2014	0.004731	0.004806	0.004727	0.004765
Oct 06, 2014	0.004777	0.004787	0.004707	0.004730
Oct 05, 2014	0.004935	0.005012	0.004746	0.004789
Oct 04, 2014	0.005024	0.005204	0.004931	0.004941
Oct 03, 2014	0.004876	0.005050	0.004875	0.005023
Oct 02, 2014	0.004755	0.004876	0.004753	0.004874
Oct 01, 2014	0.004645	0.004772	0.004644	0.004752
Sep 30, 2014	0.004705	0.004707	0.004635	0.004644
Sep 29, 2014	0.005279	0.005442	0.004658	0.004705
Sep 28, 2014	0.004706	0.005345	0.004650	0.005282
Sep 27, 2014	0.004607	0.004717	0.004575	0.004705
Sep 26, 2014	0.004722	0.004734	0.004558	0.004616
Sep 25, 2014	0.004670	0.004850	0.004642	0.004722
Sep 24, 2014	0.004610	0.004668	0.004511	0.004668
Sep 23, 2014	0.004655	0.004656	0.004547	0.004613
Sep 22, 2014	0.004561	0.004670	0.004532	0.004657
Sep 21, 2014	0.004768	0.004791	0.004540	0.004570
Sep 20, 2014	0.004942	0.004954	0.004736	0.004772
Sep 19, 2014	0.005134	0.005167	0.004873	0.004942
Sep 18, 2014	0.005398	0.005521	0.005091	0.005135
Sep 17, 2014	0.005123	0.005803	0.005123	0.005399
Sep 16, 2014	0.005072	0.005329	0.004980	0.005124
Sep 15, 2014	0.005127	0.005245	0.005020	0.005050
Sep 14, 2014	0.004706	0.005758	0.004699	0.005136
Sep 13, 2014	0.004708	0.004737	0.004678	0.004706
Sep 12, 2014	0.004746	0.004747	0.004668	0.004713
Sep 11, 2014	0.004751	0.004778	0.004735	0.004749
Sep 10, 2014	0.004722	0.004766	0.004722	0.004750
Sep 09, 2014	0.004710	0.004725	0.004675	0.004719
Sep 08, 2014	0.004702	0.004750	0.004672	0.004711
Sep 07, 2014	0.004796	0.004813	0.004704	0.004704
Sep 06, 2014	0.004874	0.004877	0.004795	0.004795
Sep 05, 2014	0.004805	0.004883	0.004789	0.004874
Sep 04, 2014	0.004776	0.004818	0.004768	0.004805
Sep 03, 2014	0.004646	0.004873	0.004632	0.004776
Sep 02, 2014	0.005024	0.005053	0.004637	0.004641
Sep 01, 2014	0.004886	0.005047	0.004885	0.005025
Aug 31, 2014	0.004958	0.004980	0.004869	0.004887
Aug 30, 2014	0.005017	0.005044	0.004952	0.004961
Aug 29, 2014	0.005064	0.005079	0.004938	0.005017
Aug 28, 2014	0.005019	0.005161	0.004961	0.005062
Aug 27, 2014	0.004838	0.005023	0.004829	0.005015
Aug 26, 2014	0.004974	0.004974	0.004794	0.004837
Aug 25, 2014	0.005153	0.005171	0.004940	0.004974
Aug 24, 2014	0.005017	0.005173	0.005015	0.005154
Aug 23, 2014	0.005093	0.005099	0.004992	0.005016
Aug 22, 2014	0.005115	0.005115	0.004985	0.005095
Aug 21, 2014	0.005255	0.005310	0.005116	0.005117
Aug 20, 2014	0.005050	0.005308	0.004969	0.005265
Aug 19, 2014	0.004979	0.005070	0.004927	0.005051
Aug 18, 2014	0.005179	0.005213	0.004948	0.004979
Aug 17, 2014	0.005411	0.005414	0.005137	0.005177
Aug 16, 2014	0.005412	0.005480	0.005327	0.005418
Aug 15, 2014	0.005248	0.005446	0.005248	0.005410
Aug 14, 2014	0.004969	0.005293	0.004948	0.005227
Aug 13, 2014	0.005045	0.005046	0.004933	0.004970
Aug 12, 2014	0.005213	0.005215	0.005024	0.005044
Aug 11, 2014	0.004975	0.005220	0.004944	0.005214
Aug 10, 2014	0.005241	0.005242	0.004972	0.004975
Aug 09, 2014	0.005461	0.005471	0.005240	0.005242
Aug 08, 2014	0.005343	0.005484	0.005343	0.005462
Aug 07, 2014	0.005256	0.005357	0.005242	0.005343
Aug 06, 2014	0.005108	0.005261	0.005107	0.005256
Aug 05, 2014	0.004948	0.005143	0.004904	0.005104
Aug 04, 2014	0.005214	0.005244	0.004763	0.004948
Aug 03, 2014	0.005263	0.005269	0.005176	0.005215
Aug 02, 2014	0.005371	0.005522	0.005270	0.005294
Aug 01, 2014	0.005183	0.005369	0.005111	0.005369
Jul 31, 2014	0.005105	0.005555	0.005073	0.005189
Jul 30, 2014	0.006065	0.006083	0.005090	0.005097
Jul 29, 2014	0.006157	0.006160	0.006066	0.006066
Jul 28, 2014	0.006022	0.006161	0.006021	0.006157
Jul 27, 2014	0.006039	0.006058	0.005984	0.006021
Jul 26, 2014	0.006057	0.006103	0.006031	0.006041
Jul 25, 2014	0.005929	0.006090	0.005918	0.006043
Jul 24, 2014	0.006146	0.006184	0.005925	0.005929
Jul 23, 2014	0.005647	0.006150	0.005644	0.006144
Jul 22, 2014	0.005361	0.005643	0.005357	0.005643
Jul 21, 2014	0.005383	0.005395	0.005327	0.005362
Jul 20, 2014	0.005262	0.005383	0.005159	0.005383
Jul 19, 2014	0.006365	0.006368	0.005259	0.005298
Jul 18, 2014	0.006167	0.006460	0.006131	0.006364
Jul 17, 2014	0.004898	0.006174	0.004898	0.006162
Jul 16, 2014	0.004514	0.004898	0.004496	0.004898
Jul 15, 2014	0.004368	0.004515	0.004364	0.004514
Jul 14, 2014	0.004306	0.004369	0.004278	0.004367
Jul 13, 2014	0.004318	0.004324	0.004244	0.004306
Jul 12, 2014	0.004298	0.004368	0.004290	0.004317
Jul 11, 2014	0.004074	0.004338	0.004073	0.004298
Jul 10, 2014	0.003880	0.004082	0.003880	0.004074
Jul 09, 2014	0.003301	0.003879	0.003301	0.003879
Jul 08, 2014	0.003079	0.003319	0.003079	0.003300
Jul 07, 2014	0.002809	0.003082	0.002802	0.003082
Jul 06, 2014	0.003134	0.003169	0.002804	0.002810
Jul 05, 2014	0.003245	0.003260	0.003127	0.003132
Jul 04, 2014	0.003357	0.003372	0.003240	0.003246
Jul 03, 2014	0.003481	0.003481	0.003346	0.003360
Jul 02, 2014	0.003615	0.003625	0.003474	0.003484
Jul 01, 2014	0.003780	0.004213	0.003618	0.003623
Jun 30, 2014	0.004013	0.004061	0.003779	0.003780
Jun 29, 2014	0.003936	0.004078	0.003936	0.004013
Jun 28, 2014	0.004010	0.004046	0.003863	0.003923
Jun 27, 2014	0.004052	0.004122	0.003984	0.003993
Jun 26, 2014	0.003929	0.004071	0.003920	0.004051
Jun 25, 2014	0.004046	0.004057	0.003920	0.003931
Jun 24, 2014	0.004085	0.004152	0.004049	0.004049
Jun 23, 2014	0.004186	0.004191	0.004036	0.004085
Jun 22, 2014	0.004153	0.004236	0.004147	0.004187
Jun 21, 2014	0.004187	0.004194	0.004138	0.004150
Jun 20, 2014	0.004230	0.004309	0.004167	0.004188
Jun 19, 2014	0.004251	0.004278	0.004204	0.004230
Jun 18, 2014	0.004256	0.004297	0.004221	0.004247
Jun 17, 2014	0.004164	0.004264	0.004157	0.004264
Jun 16, 2014	0.004208	0.004291	0.004168	0.004173
Jun 15, 2014	0.004011	0.004197	0.003890	0.004197
Jun 14, 2014	0.004137	0.004142	0.003847	0.004017
Jun 13, 2014	0.004038	0.004234	0.004036	0.004161
Jun 12, 2014	0.004405	0.004421	0.003948	0.004048
Jun 11, 2014	0.004549	0.004580	0.004394	0.004421
Jun 10, 2014	0.004229	0.004547	0.004228	0.004547
Jun 09, 2014	0.003972	0.004277	0.003971	0.004225
Jun 08, 2014	0.003970	0.003996	0.003931	0.003974
Jun 07, 2014	0.003916	0.004042	0.003823	0.003961
Jun 06, 2014	0.003958	0.003993	0.003834	0.003916
Jun 05, 2014	0.003914	0.004121	0.003806	0.003841
Jun 04, 2014	0.004380	0.004411	0.003947	0.003952
Jun 03, 2014	0.004339	0.004574	0.004238	0.004385
Jun 02, 2014	0.004086	0.004382	0.004038	0.004339
Jun 01, 2014	0.004145	0.004331	0.003922	0.004092
May 31, 2014	0.004232	0.004424	0.004078	0.004146
May 30, 2014	0.004767	0.004805	0.004138	0.004232
May 29, 2014	0.005028	0.005068	0.004690	0.004791
May 28, 2014	0.004659	0.005309	0.004488	0.005005
May 27, 2014	0.003761	0.004643	0.003734	0.004643
May 26, 2014	0.003668	0.003839	0.003641	0.003799
May 25, 2014	0.004129	0.004325	0.003524	0.003646
May 24, 2014	0.003332	0.004201	0.003103	0.004111
May 23, 2014	0.003963	0.003976	0.003063	0.003315
May 22, 2014	0.006676	0.006676	0.003978	0.003993
May 21, 2014	0.006715	0.006805	0.006617	0.006669
May 20, 2014	0.006045	0.006749	0.006036	0.006711
May 19, 2014	0.006000	0.006037	0.005865	0.006034
May 18, 2014	0.006475	0.006490	0.005963	0.006004
May 17, 2014	0.006901	0.006906	0.006480	0.006487
May 16, 2014	0.007100	0.007116	0.006796	0.006910
May 15, 2014	0.007172	0.007276	0.007015	0.007099
May 14, 2014	0.006339	0.007704	0.006339	0.007154
May 13, 2014	0.005937	0.006480	0.005908	0.006340
May 12, 2014	0.005749	0.005949	0.005747	0.005937
May 11, 2014	0.005942	0.005958	0.005689	0.005754
May 10, 2014	0.006074	0.006098	0.005906	0.005975
May 09, 2014	0.006061	0.006123	0.005974	0.006063
May 08, 2014	0.006343	0.006421	0.006026	0.006080
May 07, 2014	0.005974	0.006614	0.005957	0.006351
May 06, 2014	0.005213	0.006248	0.005108	0.005973
May 05, 2014	0.005007	0.005214	0.004951	0.005214
May 04, 2014	0.005033	0.005053	0.004924	0.005024
May 03, 2014	0.005315	0.005315	0.004948	0.005024
May 02, 2014	0.005409	0.005495	0.005209	0.005315
May 01, 2014	0.005364	0.005465	0.005334	0.005413
Apr 30, 2014	0.005359	0.005415	0.005211	0.005364
Apr 29, 2014	0.005136	0.005393	0.005136	0.005362
Apr 28, 2014	0.004804	0.005182	0.004711	0.005139
Apr 27, 2014	0.005380	0.005392	0.004859	0.004859
Apr 26, 2014	0.005491	0.005570	0.005357	0.005394
Apr 25, 2014	0.006069	0.006072	0.005234	0.005491
Apr 24, 2014	0.006105	0.006105	0.005879	0.006069
Apr 23, 2014	0.006064	0.006145	0.006032	0.006110
Apr 22, 2014	0.006139	0.006237	0.006056	0.006059
Apr 21, 2014	0.006206	0.006353	0.006120	0.006142
Apr 20, 2014	0.006475	0.006555	0.006159	0.006214
Apr 19, 2014	0.006209	0.006570	0.006146	0.006473
Apr 18, 2014	0.006345	0.006392	0.006061	0.006210
Apr 17, 2014	0.007101	0.007159	0.006199	0.006339
Apr 16, 2014	0.007753	0.007857	0.006810	0.007023
Apr 15, 2014	0.006513	0.007719	0.006375	0.007719
Apr 14, 2014	0.005996	0.006603	0.005933	0.006518
Apr 13, 2014	0.006271	0.006312	0.005784	0.005987
Apr 12, 2014	0.006581	0.006746	0.006229	0.006257
Apr 11, 2014	0.006296	0.007227	0.006064	0.006582
Apr 10, 2014	0.007857	0.007936	0.006219	0.006318
Apr 09, 2014	0.008014	0.008154	0.007818	0.007866
Apr 08, 2014	0.008005	0.008189	0.007980	0.008013
Apr 07, 2014	0.008263	0.008269	0.007995	0.008035
Apr 06, 2014	0.008350	0.008365	0.008137	0.008247
Apr 05, 2014	0.008076	0.008352	0.007894	0.008324
Apr 04, 2014	0.007959	0.008265	0.007657	0.008094
Apr 03, 2014	0.007901	0.008027	0.007176	0.007944
Apr 02, 2014	0.008795	0.009021	0.007707	0.007922
Apr 01, 2014	0.008785	0.009319	0.008588	0.008757
Mar 31, 2014	0.009677	0.009903	0.008700	0.008785
Mar 30, 2014	0.010357	0.010358	0.009281	0.009653
Mar 29, 2014	0.010626	0.010630	0.010338	0.010338
Mar 28, 2014	0.010319	0.011190	0.010147	0.010551
Mar 27, 2014	0.012579	0.012584	0.010226	0.010226
Mar 26, 2014	0.012824	0.012824	0.012527	0.012594
Mar 25, 2014	0.012870	0.012918	0.012598	0.012830
Mar 24, 2014	0.012670	0.012924	0.012296	0.012871
Mar 23, 2014	0.012961	0.013075	0.012649	0.012651
Mar 22, 2014	0.013245	0.013374	0.012889	0.012954
Mar 21, 2014	0.013688	0.013883	0.013009	0.013250
Mar 20, 2014	0.013940	0.014115	0.013561	0.013638
Mar 19, 2014	0.014047	0.014237	0.013850	0.013963
Mar 18, 2014	0.014102	0.014122	0.013656	0.014050
Mar 17, 2014	0.014302	0.014363	0.013909	0.014112
Mar 16, 2014	0.014358	0.014487	0.014207	0.014306
Mar 15, 2014	0.014206	0.014438	0.014170	0.014345
Mar 14, 2014	0.014333	0.014370	0.014133	0.014198
Mar 13, 2014	0.014379	0.014507	0.014243	0.014333
Mar 12, 2014	0.014199	0.015178	0.014164	0.014353
Mar 11, 2014	0.014773	0.014851	0.014034	0.014279
Mar 10, 2014	0.014688	0.015014	0.014009	0.014745
Mar 09, 2014	0.014449	0.015503	0.014200	0.014745
Mar 08, 2014	0.015019	0.015100	0.014259	0.014404
Mar 07, 2014	0.015928	0.016019	0.014814	0.015009
Mar 06, 2014	0.015992	0.016118	0.015635	0.015921
Mar 05, 2014	0.015996	0.016155	0.015431	0.016008
Mar 04, 2014	0.015308	0.018208	0.015127	0.016135
Mar 03, 2014	0.013590	0.015717	0.013363	0.015596
Mar 02, 2014	0.013785	0.013786	0.013341	0.013543
Mar 01, 2014	0.013687	0.013992	0.013483	0.013799
Feb 28, 2014	0.014124	0.014309	0.013581	0.013666
Feb 27, 2014	0.014120	0.014341	0.013692	0.014153
Feb 26, 2014	0.013019	0.014181	0.013019	0.014093
Feb 25, 2014	0.013605	0.013670	0.010839	0.012990
Feb 24, 2014	0.015411	0.015543	0.013590	0.013590
Feb 23, 2014	0.015610	0.016076	0.015348	0.015412
Feb 22, 2014	0.015103	0.015741	0.014583	0.015682
Feb 21, 2014	0.014302	0.015203	0.013732	0.015070
Feb 20, 2014	0.015198	0.015485	0.014172	0.014251
Feb 19, 2014	0.015243	0.015607	0.015055	0.015237
Feb 18, 2014	0.015308	0.015698	0.014986	0.015286
Feb 17, 2014	0.015290	0.015959	0.015092	0.015293
Feb 16, 2014	0.016089	0.016448	0.014669	0.015338
Feb 15, 2014	0.016510	0.016510	0.015714	0.016083
Feb 14, 2014	0.016058	0.017144	0.014044	0.016367
Feb 13, 2014	0.017161	0.017228	0.014539	0.016079
Feb 12, 2014	0.017697	0.017831	0.015537	0.017174
Feb 11, 2014	0.018173	0.018497	0.015769	0.017681
Feb 10, 2014	0.017361	0.018305	0.013475	0.016677
Feb 09, 2014	0.017423	0.018315	0.016997	0.017390
Feb 08, 2014	0.018046	0.018606	0.017174	0.017487
Feb 07, 2014	0.019780	0.019780	0.016606	0.018377
Feb 06, 2014	0.020449	0.020653	0.019420	0.019752
Feb 05, 2014	0.021048	0.021070	0.020357	0.020357
Feb 04, 2014	0.021400	0.021586	0.020974	0.020997
Feb 03, 2014	0.021531	0.021653	0.021184	0.021402
Feb 02, 2014	0.020745	0.021884	0.020733	0.021560
Feb 01, 2014	0.020519	0.021142	0.020432	0.020698
Jan 31, 2014	0.020322	0.020578	0.020121	0.020504
Jan 30, 2014	0.020326	0.020619	0.019898	0.020337
Jan 29, 2014	0.020541	0.020650	0.020024	0.020337
Jan 28, 2014	0.019362	0.021100	0.019356	0.020605
Jan 27, 2014	0.020113	0.020530	0.018589	0.018967
Jan 26, 2014	0.019132	0.020252	0.018969	0.020129
Jan 25, 2014	0.018107	0.019348	0.018037	0.019141
Jan 24, 2014	0.018525	0.018525	0.017709	0.018126
Jan 23, 2014	0.019385	0.019461	0.018473	0.018534
Jan 22, 2014	0.019986	0.020020	0.019227	0.019389
Jan 21, 2014	0.019849	0.020180	0.019642	0.019927
Jan 20, 2014	0.020886	0.021041	0.019618	0.019856
Jan 19, 2014	0.021314	0.021420	0.020333	0.020875
Jan 18, 2014	0.020559	0.021374	0.020559	0.021278
Jan 17, 2014	0.020990	0.021148	0.020098	0.020530
Jan 16, 2014	0.022205	0.022343	0.021024	0.021024
Jan 15, 2014	0.021182	0.022394	0.021122	0.022221
Jan 14, 2014	0.021724	0.022000	0.021032	0.021186
Jan 13, 2014	0.021961	0.021992	0.020657	0.021664
Jan 12, 2014	0.024162	0.024396	0.022044	0.022044
Jan 11, 2014	0.022721	0.024233	0.022575	0.024019
Jan 10, 2014	0.022367	0.022903	0.021744	0.022837
Jan 09, 2014	0.022996	0.023376	0.021195	0.022368
Jan 08, 2014	0.022825	0.024723	0.022257	0.023227
Jan 07, 2014	0.025799	0.026409	0.022986	0.022986
Jan 06, 2014	0.025298	0.027385	0.024276	0.025700
Jan 05, 2014	0.028098	0.029667	0.024890	0.025229
Jan 04, 2014	0.027781	0.028371	0.026794	0.028129
Jan 03, 2014	0.028789	0.029018	0.027320	0.027627
Jan 02, 2014	0.027014	0.029430	0.026439	0.028726
Jan 01, 2014	0.027365	0.027810	0.026815	0.026944
Dec 31, 2013	0.027675	0.027738	0.027022	0.027330
Dec 30, 2013	0.027055	0.027750	0.026985	0.027460
Dec 29, 2013	0.027311	0.027535	0.026627	0.027218
Dec 28, 2013	0.027554	0.028106	0.026629	0.027303
Dec 27, 2013	0.024427	0.027123	0.023527	0.027076
Dec 26, 2013	0.022097	0.024891	0.022097	0.024385
Dec 25, 2013	0.022600	0.022600	0.021434	0.022042
Dec 24, 2013	0.023698	0.024124	0.022305	0.022575
Dec 23, 2013	0.021571	0.023965	0.021485	0.023702
Dec 22, 2013	0.021571	0.023839	0.020959	0.021716
Dec 21, 2013	0.020979	0.022572	0.020305	0.021684
Dec 20, 2013	0.021141	0.023279	0.019852	0.020851
Dec 19, 2013	0.015783	0.021546	0.015313	0.021073
Dec 18, 2013	0.017971	0.018571	0.012325	0.015852
Dec 17, 2013	0.021399	0.021612	0.018043	0.018313
Dec 16, 2013	0.029212	0.029276	0.020862	0.021565
Dec 15, 2013	0.032039	0.032039	0.028414	0.029137
Dec 14, 2013	0.035431	0.035431	0.031940	0.031940
Dec 13, 2013	0.034649	0.036897	0.033922	0.035145
Dec 12, 2013	0.038122	0.038832	0.034241	0.034650
Dec 11, 2013	0.043818	0.044342	0.036322	0.037937
Dec 10, 2013	0.038890	0.044174	0.038890	0.043784
Dec 09, 2013	0.036361	0.041491	0.035702	0.038930
Dec 08, 2013	0.032756	0.036869	0.031594	0.036456
Dec 07, 2013	0.042208	0.043590	0.031253	0.033066
Dec 06, 2013	0.055009	0.055009	0.042211	0.042211
Dec 05, 2013	0.058772	0.061445	0.048922	0.055153
Dec 04, 2013	0.048551	0.058846	0.048264	0.058692
Dec 03, 2013	0.055415	0.055415	0.048076	0.048672
Dec 02, 2013	0.052384	0.061268	0.052139	0.055252
Dec 01, 2013	0.039160	0.055029	0.039160	0.051497
Nov 30, 2013	0.030900	0.038386	0.030338	0.038386
Nov 29, 2013	0.029264	0.031561	0.028366	0.030986
Nov 28, 2013	0.027879	0.030111	0.027838	0.028981
Nov 27, 2013	0.029991	0.029991	0.022350	0.024096
Nov 26, 2013	0.018858	0.030395	0.018759	0.029913
Nov 25, 2013	0.011742	0.018444	0.011742	0.018208
Nov 24, 2013	0.009773	0.011812	0.009064	0.011668
Nov 23, 2013	0.009555	0.010547	0.009555	0.009798
Nov 22, 2013	0.009958	0.009980	0.008596	0.009717
Nov 21, 2013	0.007511	0.010080	0.007296	0.009935
Nov 20, 2013	0.007134	0.007547	0.005686	0.007467
Nov 19, 2013	0.010602	0.011881	0.005561	0.007225
Nov 18, 2013	0.010301	0.011719	0.009035	0.010918
Nov 17, 2013	0.010157	0.010670	0.009980	0.010209
Nov 16, 2013	0.009669	0.010429	0.009630	0.010140
Nov 15, 2013	0.009628	0.010115	0.009221	0.009685
Nov 14, 2013	0.010820	0.011191	0.009305	0.009646
Nov 13, 2013	0.009578	0.011666	0.009564	0.010846
Nov 12, 2013	0.008697	0.009568	0.008675	0.009557
Nov 11, 2013	0.008595	0.009302	0.008238	0.008681
Nov 10, 2013	0.008859	0.008907	0.007052	0.008609
Nov 09, 2013	0.010679	0.011129	0.008403	0.008653
Nov 08, 2013	0.008983	0.010776	0.008965	0.010722
Nov 07, 2013	0.007751	0.009046	0.007749	0.008939
Nov 06, 2013	0.007137	0.007832	0.007137	0.007776
Nov 05, 2013	0.007014	0.007305	0.006472	0.007150
Nov 04, 2013	0.007147	0.007450	0.006908	0.007011
Nov 03, 2013	0.006807	0.007383	0.006763	0.007160
Nov 02, 2013	0.006346	0.006849	0.006219	0.006814
Nov 01, 2013	0.006075	0.006356	0.006024	0.006353
Oct 31, 2013	0.005853	0.006093	0.005823	0.006073
Oct 30, 2013	0.006014	0.006209	0.005797	0.005854
Oct 29, 2013	0.005942	0.006000	0.005811	0.005998
Oct 28, 2013	0.006834	0.006834	0.005942	0.005942
Oct 27, 2013	0.006040	0.006842	0.006040	0.006842
Oct 26, 2013	0.006888	0.006888	0.005990	0.006064
Oct 25, 2013	0.008570	0.008746	0.006506	0.006860
Oct 24, 2013	0.007906	0.008813	0.006501	0.008596
Oct 23, 2013	0.006829	0.007873	0.006796	0.007873
Oct 22, 2013	0.006650	0.006954	0.006527	0.006845
Oct 21, 2013	0.006707	0.006932	0.006614	0.006634
Oct 20, 2013	0.007220	0.007570	0.006583	0.006700
Oct 19, 2013	0.007940	0.008024	0.006779	0.007252
Oct 18, 2013	0.008350	0.008432	0.007646	0.007942
Oct 17, 2013	0.007298	0.008415	0.007287	0.008343
Oct 16, 2013	0.008068	0.008131	0.007177	0.007305
Oct 15, 2013	0.008504	0.008504	0.007935	0.008051
Oct 14, 2013	0.008485	0.008760	0.008401	0.008489
Oct 13, 2013	0.009382	0.009410	0.008184	0.008412
Oct 12, 2013	0.008912	0.009408	0.008485	0.009382
Oct 11, 2013	0.009884	0.009893	0.008917	0.008970
Oct 10, 2013	0.009662	0.010115	0.009622	0.009861
Oct 09, 2013	0.009439	0.009747	0.009391	0.009663
Oct 08, 2013	0.009225	0.009749	0.009114	0.009451
Oct 07, 2013	0.009669	0.009669	0.009197	0.009240
Oct 06, 2013	0.009474	0.010599	0.009474	0.009819
Oct 05, 2013	0.009676	0.009750	0.009120	0.009488
Oct 04, 2013	0.008922	0.010013	0.008922	0.009873
Oct 03, 2013	0.007779	0.009112	0.007707	0.009112
Oct 02, 2013	0.010518	0.010518	0.007146	0.007862
Oct 01, 2013	0.010906	0.012447	0.010517	0.010529
Sep 30, 2013	0.012850	0.012850	0.010543	0.010932
Sep 29, 2013	0.013847	0.014254	0.012856	0.012868
Sep 28, 2013	0.014966	0.014966	0.013781	0.013835
Sep 27, 2013	0.011765	0.014675	0.011765	0.014566
Sep 26, 2013	0.010432	0.012094	0.010432	0.011713
Sep 25, 2013	0.010459	0.010728	0.010433	0.010433
Sep 24, 2013	0.010016	0.010467	0.010009	0.010448
Sep 23, 2013	0.010395	0.010698	0.009995	0.010008
Sep 22, 2013	0.009734	0.010552	0.009689	0.010406
Sep 21, 2013	0.010106	0.010123	0.009643	0.009700
Sep 20, 2013	0.010962	0.011142	0.010084	0.010113
Sep 19, 2013	0.010774	0.011151	0.010774	0.010958
Sep 18, 2013	0.009617	0.010871	0.009595	0.010782
Sep 17, 2013	0.007086	0.009658	0.007058	0.009613
Sep 16, 2013	0.006496	0.007080	0.006244	0.007056
Sep 15, 2013	0.006349	0.006516	0.006349	0.006472
Sep 14, 2013	0.006515	0.006550	0.006288	0.006340
Sep 13, 2013	0.006334	0.006720	0.006316	0.006513
Sep 12, 2013	0.006287	0.006442	0.006008	0.006349
Sep 11, 2013	0.005807	0.006393	0.005698	0.006273
Sep 10, 2013	0.006278	0.006332	0.005807	0.005808
Sep 09, 2013	0.006193	0.006552	0.006079	0.006270
Sep 08, 2013	0.006172	0.006304	0.006120	0.006183
Sep 07, 2013	0.005853	0.006270	0.005832	0.006173
Sep 06, 2013	0.005717	0.006151	0.005627	0.005866
Sep 05, 2013	0.005696	0.005991	0.005474	0.005715
Sep 04, 2013	0.005660	0.006276	0.005507	0.005695
Sep 03, 2013	0.005518	0.005693	0.005405	0.005670
Sep 02, 2013	0.005799	0.006115	0.005507	0.005528
Sep 01, 2013	0.005623	0.005872	0.005574	0.005787
Aug 31, 2013	0.005913	0.006081	0.005576	0.005632
Aug 30, 2013	0.005760	0.006264	0.005610	0.005930
Aug 29, 2013	0.006246	0.006246	0.005756	0.005763
Aug 28, 2013	0.006451	0.006463	0.006066	0.006246
Aug 27, 2013	0.006468	0.006936	0.006373	0.006452
Aug 26, 2013	0.006104	0.006507	0.006065	0.006417
Aug 25, 2013	0.005526	0.006148	0.005519	0.006104
Aug 24, 2013	0.005139	0.005603	0.005126	0.005546
Aug 23, 2013	0.005179	0.005232	0.004919	0.005139
Aug 22, 2013	0.006131	0.006138	0.005143	0.005143
Aug 21, 2013	0.006098	0.006349	0.005950	0.006131
Aug 20, 2013	0.005376	0.006158	0.005309	0.006098
Aug 19, 2013	0.005587	0.005839	0.005223	0.005260
Aug 18, 2013	0.005687	0.006263	0.005585	0.005617
Aug 17, 2013	0.003138	0.005684	0.003138	0.005671
Aug 16, 2013	0.003082	0.003162	0.002875	0.003134
Aug 15, 2013	0.003788	0.003804	0.003067	0.003092
Aug 14, 2013	0.004267	0.004267	0.003785	0.003788
Aug 13, 2013	0.004463	0.004463	0.004171	0.004245
Aug 12, 2013	0.004414	0.004520	0.004359	0.004449
Aug 11, 2013	0.004314	0.004421	0.004300	0.004415
Aug 10, 2013	0.004291	0.004366	0.004279	0.004314
Aug 09, 2013	0.004257	0.004367	0.004253	0.004291
Aug 08, 2013	0.004397	0.004424	0.004175	0.004254
Aug 07, 2013	0.004669	0.004682	0.004333	0.004417
Aug 06, 2013	0.005637	0.005661	0.004629	0.004680
Aug 05, 2013	0.005875	0.005980	0.005613	0.005613
Aug 04, 2013	0.005874	0.005927	0.005874	0.005882
