Date	Open	High	Low	Close
Jul 01, 2018	169.39	171.64	161.09	167.62
Jun 30, 2018	163.71	173.49	158.72	163.99
Jun 29, 2018	154.22	165.08	148.13	163.28
Jun 28, 2018	166.24	166.24	149.01	154.09
Jun 27, 2018	163.22	167.00	156.68	166.13
Jun 26, 2018	176.92	177.26	163.20	163.20
Jun 25, 2018	167.06	179.25	164.55	176.03
Jun 24, 2018	171.63	171.63	156.68	167.51
Jun 23, 2018	168.34	172.72	166.20	171.03
Jun 22, 2018	191.70	193.47	163.54	168.79
Jun 21, 2018	193.76	197.42	189.12	192.73
Jun 20, 2018	199.29	199.48	191.33	193.68
Jun 19, 2018	200.33	200.39	194.09	198.23
Jun 18, 2018	191.26	202.65	186.62	198.54
Jun 17, 2018	194.84	196.68	189.21	191.45
Jun 16, 2018	195.37	197.16	188.21	193.44
Jun 15, 2018	199.38	201.75	191.72	194.60
Jun 14, 2018	184.94	202.26	183.55	199.57
Jun 13, 2018	197.85	201.68	178.68	185.28
Jun 12, 2018	202.19	214.74	194.57	195.76
Jun 11, 2018	203.91	207.55	195.54	206.48
Jun 10, 2018	231.69	231.69	201.80	203.68
Jun 09, 2018	244.75	245.24	232.67	232.67
Jun 08, 2018	239.32	247.86	231.68	239.37
Jun 07, 2018	236.17	242.12	233.05	237.30
Jun 06, 2018	239.75	240.34	229.21	236.05
Jun 05, 2018	236.32	241.29	228.91	239.53
Jun 04, 2018	254.10	255.96	233.59	236.48
Jun 03, 2018	249.27	262.55	247.86	253.38
Jun 02, 2018	240.82	258.12	238.06	250.61
Jun 01, 2018	242.59	247.34	234.96	240.86
May 31, 2018	244.55	256.31	238.26	245.67
May 30, 2018	253.63	260.73	238.43	251.18
May 29, 2018	229.25	257.66	223.01	247.92
May 28, 2018	263.15	269.14	221.23	228.76
May 27, 2018	274.98	276.86	258.29	261.35
May 26, 2018	283.35	286.96	270.21	277.19
May 25, 2018	298.02	298.56	275.80	286.23
May 24, 2018	287.24	300.79	272.58	294.98
May 23, 2018	314.28	333.03	282.01	288.73
May 22, 2018	330.26	346.87	312.15	314.88
May 21, 2018	351.86	352.65	326.83	329.47
May 20, 2018	344.86	357.94	340.05	352.19
May 19, 2018	359.33	377.69	343.38	345.19
May 18, 2018	315.68	365.69	306.06	358.81
May 17, 2018	367.94	368.85	312.57	315.94
May 16, 2018	354.39	378.63	327.66	366.85
May 15, 2018	312.24	386.40	310.90	355.47
May 14, 2018	261.08	349.56	246.85	312.02
May 13, 2018	245.58	263.03	243.79	260.84
May 12, 2018	238.67	253.05	230.34	245.65
May 11, 2018	263.64	263.64	238.22	238.83
May 10, 2018	276.50	287.70	264.11	264.11
May 09, 2018	275.35	277.25	265.85	275.95
May 08, 2018	281.35	290.59	273.13	275.21
May 07, 2018	291.44	292.14	272.53	281.35
May 06, 2018	306.64	310.04	288.32	291.24
May 05, 2018	296.74	309.66	296.74	306.30
May 04, 2018	308.75	308.75	294.53	296.93
May 03, 2018	292.92	311.51	291.97	308.42
May 02, 2018	290.28	294.82	285.77	293.37
May 01, 2018	285.43	290.49	271.51	290.49
Apr 30, 2018	293.48	296.53	284.18	285.14
Apr 29, 2018	296.56	302.51	285.01	293.76
Apr 28, 2018	282.63	298.50	282.63	296.62
Apr 27, 2018	303.44	303.44	281.53	283.37
Apr 26, 2018	284.48	302.85	274.74	302.85
Apr 25, 2018	318.40	318.40	267.55	283.60
Apr 24, 2018	298.18	327.48	298.18	319.66
Apr 23, 2018	272.27	297.69	270.27	297.63
Apr 22, 2018	270.17	280.59	264.67	272.32
Apr 21, 2018	281.80	282.50	256.38	270.64
Apr 20, 2018	263.13	285.38	256.07	281.98
Apr 19, 2018	247.96	264.54	241.14	263.86
Apr 18, 2018	221.88	248.78	221.88	247.88
Apr 17, 2018	225.56	227.99	220.57	221.93
Apr 16, 2018	232.43	234.29	218.73	225.46
Apr 15, 2018	222.65	234.44	222.65	232.18
Apr 14, 2018	228.35	238.36	219.68	222.03
Apr 13, 2018	216.31	242.00	212.34	228.14
Apr 12, 2018	185.40	217.00	183.67	216.41
Apr 11, 2018	179.94	184.78	179.38	184.78
Apr 10, 2018	177.75	180.77	174.97	179.72
Apr 09, 2018	184.22	188.64	174.99	177.41
Apr 08, 2018	181.70	185.30	180.50	183.90
Apr 07, 2018	175.39	184.66	174.84	181.81
Apr 06, 2018	183.41	184.78	174.49	175.63
Apr 05, 2018	183.49	186.71	178.76	184.61
Apr 04, 2018	206.06	206.23	182.04	183.41
Apr 03, 2018	194.07	208.67	193.32	206.18
Apr 02, 2018	183.07	200.96	181.81	193.89
Apr 01, 2018	185.63	191.78	174.96	182.48
Mar 31, 2018	189.87	197.44	185.53	185.53
Mar 30, 2018	186.37	197.66	183.45	189.89
Mar 29, 2018	210.91	211.48	185.98	186.83
Mar 28, 2018	216.23	220.65	209.44	210.86
Mar 27, 2018	225.95	229.55	210.17	216.35
Mar 26, 2018	238.86	240.99	213.39	225.35
Mar 25, 2018	240.83	243.50	237.17	239.36
Mar 24, 2018	259.44	259.44	242.50	243.33
Mar 23, 2018	249.54	256.87	231.01	256.87
Mar 22, 2018	260.55	268.57	239.20	249.26
Mar 21, 2018	259.76	280.69	254.88	260.07
Mar 20, 2018	255.75	267.10	237.73	259.24
Mar 19, 2018	244.59	252.62	228.66	252.62
Mar 18, 2018	220.19	247.40	204.01	244.38
Mar 17, 2018	236.82	236.82	219.43	220.48
Mar 16, 2018	243.08	247.62	233.75	236.75
Mar 15, 2018	250.25	253.67	233.76	242.99
Mar 14, 2018	284.55	289.24	246.13	250.69
Mar 13, 2018	290.44	301.77	279.99	284.37
Mar 12, 2018	308.76	314.98	280.21	291.69
Mar 11, 2018	287.68	318.36	278.95	309.70
Mar 10, 2018	310.89	318.73	286.84	288.51
Mar 09, 2018	316.96	320.25	282.48	310.95
Mar 08, 2018	347.68	350.47	315.54	318.39
Mar 07, 2018	384.21	387.00	332.48	347.58
Mar 06, 2018	392.39	392.39	376.93	384.43
Mar 05, 2018	408.78	409.77	391.87	391.87
Mar 04, 2018	386.92	409.29	384.10	409.29
Mar 03, 2018	387.02	406.22	382.61	387.67
Mar 02, 2018	399.43	402.19	375.42	387.84
Mar 01, 2018	382.62	402.42	381.24	400.28
Feb 28, 2018	408.52	416.71	382.03	382.03
Feb 27, 2018	405.05	418.40	400.20	408.97
Feb 26, 2018	391.65	414.70	384.44	404.24
Feb 25, 2018	391.60	396.78	382.17	391.25
Feb 24, 2018	415.35	423.30	379.90	392.28
Feb 23, 2018	396.84	424.32	382.68	416.32
Feb 22, 2018	441.61	449.35	396.53	397.79
Feb 21, 2018	438.75	463.42	418.26	434.80
Feb 20, 2018	474.24	482.53	436.72	438.57
Feb 19, 2018	449.52	486.84	447.04	472.97
Feb 18, 2018	491.61	492.31	447.43	451.02
Feb 17, 2018	480.43	495.78	475.58	490.84
Feb 16, 2018	484.19	495.66	465.98	481.52
Feb 15, 2018	483.83	489.54	465.38	486.75
Feb 14, 2018	445.52	485.37	445.52	483.79
Feb 13, 2018	462.04	463.24	432.72	447.13
Feb 12, 2018	436.66	472.46	436.66	462.24
Feb 11, 2018	482.73	482.73	412.92	434.16
Feb 10, 2018	475.10	511.75	460.09	483.42
Feb 09, 2018	437.10	476.12	401.43	475.72
Feb 08, 2018	355.69	437.83	355.69	435.91
Feb 07, 2018	368.75	391.06	327.84	354.35
Feb 06, 2018	307.35	375.39	262.31	372.38
Feb 05, 2018	343.02	349.36	281.14	303.61
Feb 04, 2018	388.73	404.10	333.99	346.91
Feb 03, 2018	384.51	405.03	345.66	388.55
Feb 02, 2018	398.83	398.83	306.53	383.55
Feb 01, 2018	399.26	409.40	367.09	400.74
Jan 31, 2018	383.87	398.27	362.60	397.88
Jan 30, 2018	448.92	448.92	381.45	383.47
Jan 29, 2018	471.43	476.64	443.14	448.62
Jan 28, 2018	453.47	476.91	453.47	471.99
Jan 27, 2018	456.53	465.78	437.08	451.69
Jan 26, 2018	473.68	491.47	429.65	456.94
Jan 25, 2018	457.58	475.46	451.97	472.97
Jan 24, 2018	442.12	465.27	428.28	451.73
Jan 23, 2018	446.40	468.72	406.75	442.00
Jan 22, 2018	492.55	507.23	416.30	446.79
Jan 21, 2018	559.72	561.81	479.30	487.02
Jan 20, 2018	528.86	565.23	518.56	557.60
Jan 19, 2018	486.59	553.12	482.91	524.34
Jan 18, 2018	497.68	540.89	484.21	490.08
Jan 17, 2018	509.27	528.83	397.98	496.82
Jan 16, 2018	627.14	685.68	460.10	513.66
Jan 15, 2018	671.73	685.82	627.99	627.99
Jan 14, 2018	701.85	720.03	652.39	675.76
Jan 13, 2018	703.76	721.63	693.48	701.58
Jan 12, 2018	651.18	719.57	622.29	700.81
Jan 11, 2018	719.10	729.01	609.46	646.60
Jan 10, 2018	672.39	728.46	630.14	721.40
Jan 09, 2018	693.24	723.29	644.06	672.78
Jan 08, 2018	884.27	896.28	601.87	695.49
Jan 07, 2018	756.37	955.26	750.39	880.76
Jan 06, 2018	587.91	780.84	578.69	764.26
Jan 05, 2018	590.87	606.11	573.83	588.86
Jan 04, 2018	583.08	602.00	539.10	595.19
Jan 03, 2018	581.29	593.67	561.58	581.89
Jan 02, 2018	578.08	624.97	576.00	583.51
Jan 01, 2018	508.00	621.69	489.34	577.19
Dec 31, 2017	482.82	516.36	478.63	505.51
Dec 30, 2017	574.10	574.10	478.66	486.45
Dec 29, 2017	507.97	601.50	483.99	571.90
Dec 28, 2017	552.58	560.12	490.40	507.26
Dec 27, 2017	574.16	590.16	540.62	554.07
Dec 26, 2017	560.00	573.98	551.84	573.98
Dec 25, 2017	536.13	575.16	511.03	558.84
Dec 24, 2017	595.39	595.39	449.03	532.50
Dec 23, 2017	542.19	637.24	498.77	594.62
Dec 22, 2017	652.92	656.02	381.48	536.68
Dec 21, 2017	674.66	743.96	622.92	651.49
Dec 20, 2017	613.29	740.69	555.81	675.55
Dec 19, 2017	595.79	635.55	560.39	613.91
Dec 18, 2017	538.45	600.69	497.31	596.16
Dec 17, 2017	471.63	562.00	470.36	537.18
Dec 16, 2017	469.39	498.33	459.92	469.64
Dec 15, 2017	510.82	510.82	423.73	467.15
Dec 14, 2017	416.41	529.77	415.50	510.91
Dec 13, 2017	372.13	437.24	356.12	414.69
Dec 12, 2017	320.55	379.12	320.55	373.03
Dec 11, 2017	290.03	323.36	284.70	319.96
Dec 10, 2017	317.28	321.55	288.40	291.10
Dec 09, 2017	327.78	353.35	309.25	316.63
Dec 08, 2017	308.04	339.99	295.02	328.07
Dec 07, 2017	339.87	341.80	301.87	308.39
Dec 06, 2017	322.92	372.85	319.57	338.87
Dec 05, 2017	330.96	331.05	319.00	323.39
Dec 04, 2017	323.08	333.39	316.02	330.51
Dec 03, 2017	329.53	341.84	311.27	322.81
Dec 02, 2017	335.38	342.73	320.11	329.30
Dec 01, 2017	306.19	338.11	292.63	335.98
Nov 30, 2017	309.42	330.78	267.70	308.49
Nov 29, 2017	371.17	380.57	300.73	306.07
Nov 28, 2017	347.66	375.42	346.12	371.24
Nov 27, 2017	340.18	347.51	332.85	347.51
Nov 26, 2017	344.83	346.80	333.71	340.14
Nov 25, 2017	348.59	359.86	336.84	344.70
Nov 24, 2017	310.44	351.50	301.56	346.36
Nov 23, 2017	319.45	320.54	303.16	311.55
Nov 22, 2017	290.89	321.28	290.89	319.73
Nov 21, 2017	301.87	307.82	281.85	290.64
Nov 20, 2017	299.32	304.26	296.36	302.17
Nov 19, 2017	298.22	302.59	294.51	299.33
Nov 18, 2017	290.83	304.79	287.20	298.15
Nov 17, 2017	293.39	294.76	283.98	291.19
Nov 16, 2017	290.25	320.95	288.50	294.91
Nov 15, 2017	271.17	297.92	271.17	290.56
Nov 14, 2017	265.58	275.89	263.64	271.44
Nov 13, 2017	298.73	298.73	258.33	265.45
Nov 12, 2017	253.63	288.67	231.68	288.67
Nov 11, 2017	238.16	269.72	236.25	253.60
Nov 10, 2017	261.95	272.76	231.58	237.88
Nov 09, 2017	250.55	270.18	244.14	262.00
Nov 08, 2017	240.13	252.35	238.26	250.60
Nov 07, 2017	228.75	245.02	228.27	240.87
Nov 06, 2017	225.65	236.34	222.34	228.69
Nov 05, 2017	230.32	232.77	224.34	225.35
Nov 04, 2017	232.63	234.51	224.81	230.39
Nov 03, 2017	217.88	240.39	216.45	232.63
Nov 02, 2017	222.91	224.15	212.09	218.16
Nov 01, 2017	233.93	233.93	220.32	222.41
Oct 31, 2017	239.86	239.93	231.72	233.01
Oct 30, 2017	233.63	244.42	229.00	241.22
Oct 29, 2017	231.63	238.78	224.64	234.33
Oct 28, 2017	243.72	246.68	231.06	231.07
Oct 27, 2017	233.33	255.91	227.84	244.52
Oct 26, 2017	217.36	235.65	217.36	233.67
Oct 25, 2017	215.90	227.99	208.75	217.69
Oct 24, 2017	206.59	227.38	205.07	216.04
Oct 23, 2017	213.41	213.42	201.15	206.52
Oct 22, 2017	212.82	219.28	208.30	213.73
Oct 21, 2017	222.05	223.39	208.83	212.46
Oct 20, 2017	230.20	234.22	222.52	222.52
Oct 19, 2017	229.39	237.61	224.75	230.07
Oct 18, 2017	231.15	239.31	217.17	229.30
Oct 17, 2017	233.11	250.28	227.69	231.28
Oct 16, 2017	231.96	235.96	230.45	233.01
Oct 15, 2017	240.66	240.66	228.25	232.63
Oct 14, 2017	240.05	242.13	238.07	240.89
Oct 13, 2017	227.05	251.00	222.60	240.05
Oct 12, 2017	236.44	236.99	227.00	227.00
Oct 11, 2017	235.32	240.14	231.64	236.13
Oct 10, 2017	229.71	242.36	226.36	235.66
Oct 09, 2017	241.46	242.47	226.57	229.49
Oct 08, 2017	253.52	256.20	240.55	241.06
Oct 07, 2017	257.25	257.56	246.53	253.98
Oct 06, 2017	254.85	272.76	253.32	257.61
Oct 05, 2017	237.64	265.84	227.90	254.82
Oct 04, 2017	253.00	253.14	237.34	237.91
Oct 03, 2017	258.16	260.00	238.33	252.94
Oct 02, 2017	264.51	273.77	254.74	257.60
Oct 01, 2017	277.35	279.68	263.94	263.94
Sep 30, 2017	289.96	292.60	275.43	277.53
Sep 29, 2017	311.49	311.49	272.38	290.12
Sep 28, 2017	285.65	413.06	281.97	310.60
Sep 27, 2017	231.26	296.87	229.84	285.36
Sep 26, 2017	230.70	234.59	228.74	231.47
Sep 25, 2017	205.65	233.60	205.41	230.77
Sep 24, 2017	204.02	207.69	199.50	205.63
Sep 23, 2017	195.50	215.64	192.29	204.21
Sep 22, 2017	175.53	203.67	174.99	195.84
Sep 21, 2017	187.25	190.78	174.86	175.65
Sep 20, 2017	186.99	192.84	183.26	187.86
Sep 19, 2017	193.42	195.95	182.81	188.30
Sep 18, 2017	174.01	193.16	174.01	193.16
Sep 17, 2017	172.30	177.40	164.81	174.18
Sep 16, 2017	181.10	184.53	165.55	172.46
Sep 15, 2017	159.08	183.41	138.69	181.06
Sep 14, 2017	197.68	204.79	158.83	158.88
Sep 13, 2017	207.34	208.14	183.33	197.22
Sep 12, 2017	207.90	221.41	203.27	207.77
Sep 11, 2017	212.19	216.16	205.60	208.77
Sep 10, 2017	213.30	220.22	195.84	212.91
Sep 09, 2017	213.95	215.73	204.87	213.79
Sep 08, 2017	247.40	247.40	206.16	213.99
Sep 07, 2017	247.80	250.15	236.80	247.31
Sep 06, 2017	227.81	248.71	225.62	247.01
Sep 05, 2017	219.36	234.42	197.06	226.88
Sep 04, 2017	260.66	260.66	199.72	218.34
Sep 03, 2017	254.76	268.54	242.55	260.09
Sep 02, 2017	304.72	307.83	246.19	254.03
Sep 01, 2017	283.81	308.75	281.10	305.11
Aug 31, 2017	272.12	283.58	268.83	283.29
Aug 30, 2017	270.74	279.51	263.91	271.64
Aug 29, 2017	274.68	275.68	265.93	270.30
Aug 28, 2017	273.22	278.38	255.11	274.62
Aug 27, 2017	292.75	292.75	265.37	273.37
Aug 26, 2017	238.72	294.65	236.51	294.65
Aug 25, 2017	227.90	256.83	227.90	237.86
Aug 24, 2017	228.12	231.47	225.13	228.11
Aug 23, 2017	227.13	238.80	224.99	228.30
Aug 22, 2017	239.67	240.24	209.21	227.71
Aug 21, 2017	241.22	258.89	231.64	239.06
Aug 20, 2017	232.05	250.96	224.80	241.07
Aug 19, 2017	201.65	242.61	194.37	233.34
Aug 18, 2017	208.93	211.38	200.21	201.01
Aug 17, 2017	217.05	237.16	206.91	208.95
Aug 16, 2017	211.92	218.01	206.16	216.75
Aug 15, 2017	209.94	213.17	199.59	212.17
Aug 14, 2017	214.54	216.58	203.64	210.23
Aug 13, 2017	223.34	225.51	202.03	214.31
Aug 12, 2017	234.22	235.42	219.06	223.31
Aug 11, 2017	231.04	234.79	225.66	234.37
Aug 10, 2017	242.51	247.29	230.40	230.40
Aug 09, 2017	245.89	261.31	231.67	242.90
Aug 08, 2017	209.18	255.97	208.04	245.48
Aug 07, 2017	206.98	210.31	203.67	208.64
Aug 06, 2017	205.52	215.81	205.52	206.30
Aug 05, 2017	187.59	214.84	186.24	207.52
Aug 04, 2017	188.94	190.13	184.80	186.76
Aug 03, 2017	188.93	189.71	182.61	186.84
Aug 02, 2017	190.31	194.16	183.47	189.14
Aug 01, 2017	172.93	195.17	172.80	192.34
Jul 31, 2017	175.48	179.42	169.36	176.32
Jul 30, 2017	185.11	185.24	175.42	175.42
Jul 29, 2017	176.46	189.54	170.91	189.29
Jul 28, 2017	187.06	189.68	173.35	178.05
Jul 27, 2017	190.69	192.12	184.39	185.90
Jul 26, 2017	186.88	191.24	174.97	190.08
Jul 25, 2017	210.09	210.55	176.79	184.19
Jul 24, 2017	211.62	213.15	205.97	206.82
Jul 23, 2017	217.30	224.71	208.56	214.42
Jul 22, 2017	203.02	216.71	201.89	216.10
Jul 21, 2017	210.22	215.07	199.48	201.80
Jul 20, 2017	182.36	213.16	182.36	206.94
Jul 19, 2017	199.50	216.42	181.00	181.99
Jul 18, 2017	180.46	223.43	172.47	199.32
Jul 17, 2017	165.66	184.44	161.47	182.51
Jul 16, 2017	160.04	165.98	144.09	165.98
Jul 15, 2017	178.22	178.22	156.18	160.07
Jul 14, 2017	192.32	193.29	167.39	177.45
Jul 13, 2017	214.37	214.70	183.89	191.15
Jul 12, 2017	178.03	212.41	166.98	211.24
Jul 11, 2017	197.80	200.54	167.90	178.37
Jul 10, 2017	242.21	242.35	185.06	198.73
Jul 09, 2017	252.50	260.23	241.43	241.43
Jul 08, 2017	249.02	249.52	235.82	248.86
Jul 07, 2017	285.71	289.64	248.55	248.73
Jul 06, 2017	281.64	291.31	275.21	287.81
Jul 05, 2017	280.24	286.92	272.46	283.01
Jul 04, 2017	289.44	298.99	279.07	282.21
Jul 03, 2017	295.40	295.80	283.18	291.56
Jul 02, 2017	282.77	305.81	269.74	301.88
Jul 01, 2017	299.41	303.36	280.18	290.37
Jun 30, 2017	318.72	325.32	302.21	307.12
Jun 29, 2017	337.43	344.35	313.32	324.38
Jun 28, 2017	327.43	347.13	314.24	342.61
Jun 27, 2017	310.22	331.74	274.78	328.65
Jun 26, 2017	324.59	331.31	265.86	304.65
Jun 25, 2017	356.86	359.04	307.36	330.04
Jun 24, 2017	381.16	384.91	359.83	362.57
Jun 23, 2017	370.64	392.40	369.33	385.84
Jun 22, 2017	378.96	386.61	361.11	378.56
Jun 21, 2017	394.25	397.36	357.88	378.22
Jun 20, 2017	393.26	426.40	385.34	401.20
Jun 19, 2017	375.67	399.40	372.11	391.89
Jun 18, 2017	387.14	387.68	371.41	376.82
Jun 17, 2017	388.45	391.98	370.38	384.86
Jun 16, 2017	395.48	402.09	364.08	387.43
Jun 15, 2017	381.73	407.36	288.83	387.34
Jun 14, 2017	368.09	443.72	352.73	387.49
Jun 13, 2017	311.55	371.50	311.55	368.28
Jun 12, 2017	329.75	345.50	275.58	311.49
Jun 11, 2017	328.96	343.18	309.48	331.10
Jun 10, 2017	281.31	334.43	281.31	328.66
Jun 09, 2017	271.55	281.13	270.58	281.13
Jun 08, 2017	264.36	283.62	259.21	272.24
Jun 07, 2017	259.50	312.65	258.06	262.79
Jun 06, 2017	254.20	265.25	247.13	259.36
Jun 05, 2017	238.82	281.45	238.42	253.03
Jun 04, 2017	229.02	244.27	227.92	239.52
Jun 03, 2017	241.52	243.93	228.49	230.00
Jun 02, 2017	249.16	257.29	240.15	241.68
Jun 01, 2017	235.72	261.55	234.48	249.27
May 31, 2017	233.50	254.38	228.39	235.67
May 30, 2017	206.01	246.78	203.15	232.93
May 29, 2017	195.88	208.70	189.79	205.57
May 28, 2017	191.36	211.97	182.67	196.32
May 27, 2017	198.72	204.81	147.19	190.82
May 26, 2017	222.02	252.28	179.41	197.88
May 25, 2017	236.98	269.77	205.60	224.46
May 24, 2017	239.06	285.79	234.34	238.60
May 23, 2017	203.79	299.44	195.51	239.49
May 22, 2017	120.45	278.57	120.45	203.19
May 21, 2017	108.36	122.02	106.55	119.81
May 20, 2017	105.86	110.79	105.74	108.23
May 19, 2017	94.61	108.15	94.61	106.08
May 18, 2017	92.72	95.08	88.94	94.92
May 17, 2017	90.64	93.60	87.27	92.66
May 16, 2017	93.53	94.43	90.19	90.60
May 15, 2017	96.79	97.81	93.15	93.57
May 14, 2017	96.71	98.35	94.34	96.70
May 13, 2017	97.38	98.21	94.01	96.58
May 12, 2017	95.37	101.69	95.27	97.44
May 11, 2017	96.94	98.91	94.91	95.13
May 10, 2017	96.46	101.89	94.24	96.99
May 09, 2017	105.84	106.73	93.81	96.09
May 08, 2017	104.08	111.53	103.06	106.62
May 07, 2017	107.83	108.27	100.65	103.83
May 06, 2017	103.86	109.39	100.96	108.21
May 05, 2017	99.52	113.34	99.43	103.64
May 04, 2017	91.09	103.51	90.93	99.54
May 03, 2017	91.61	94.22	87.75	91.04
May 02, 2017	90.44	95.45	88.12	91.93
May 01, 2017	93.73	107.73	83.62	90.05
Apr 30, 2017	96.18	99.07	89.93	93.20
Apr 29, 2017	84.07	97.45	83.02	96.08
Apr 28, 2017	76.86	85.13	76.58	83.95
Apr 27, 2017	72.10	79.95	69.65	76.82
Apr 26, 2017	69.14	75.07	69.11	72.00
Apr 25, 2017	67.85	73.29	64.75	69.17
Apr 24, 2017	66.56	68.82	66.56	67.99
Apr 23, 2017	68.75	68.78	66.24	66.34
Apr 22, 2017	68.00	68.87	67.50	68.67
Apr 21, 2017	67.30	69.73	66.72	68.14
Apr 20, 2017	71.02	71.15	66.61	67.32
Apr 19, 2017	71.78	72.31	70.13	70.94
Apr 18, 2017	70.25	72.27	70.23	71.78
Apr 17, 2017	71.59	72.01	69.53	70.24
Apr 16, 2017	72.94	74.37	70.75	71.50
Apr 15, 2017	71.91	77.18	69.02	72.87
Apr 14, 2017	64.81	71.44	64.55	71.17
Apr 13, 2017	62.07	64.82	61.27	64.66
Apr 12, 2017	61.90	63.14	60.03	62.00
Apr 11, 2017	64.91	65.40	61.51	61.83
Apr 10, 2017	62.77	68.89	62.77	64.82
Apr 09, 2017	63.53	78.56	62.10	62.55
Apr 08, 2017	59.53	65.48	57.62	63.58
Apr 07, 2017	57.78	61.35	55.39	59.80
Apr 06, 2017	59.17	59.35	53.70	57.90
Apr 05, 2017	62.59	63.28	58.05	59.08
Apr 04, 2017	63.50	64.00	60.77	62.70
Apr 03, 2017	64.04	66.15	61.72	63.45
Apr 02, 2017	64.57	67.63	61.48	63.73
Apr 01, 2017	70.17	73.51	64.42	64.59
Mar 31, 2017	66.93	78.47	66.93	70.26
Mar 30, 2017	63.26	67.48	61.75	66.95
Mar 29, 2017	64.96	67.71	61.76	63.36
Mar 28, 2017	54.67	73.46	54.61	64.69
Mar 27, 2017	60.04	62.01	54.18	54.54
Mar 26, 2017	63.56	65.66	59.24	59.93
Mar 25, 2017	64.77	66.48	63.15	63.40
Mar 24, 2017	66.57	73.43	63.65	64.59
Mar 23, 2017	69.34	69.66	65.91	66.61
Mar 22, 2017	66.15	71.21	64.69	69.22
Mar 21, 2017	72.09	73.63	65.09	66.64
Mar 20, 2017	70.07	79.06	70.07	72.47
Mar 19, 2017	63.48	80.33	59.49	69.89
Mar 18, 2017	48.27	91.09	47.68	64.18
Mar 17, 2017	49.12	53.54	46.33	48.27
Mar 16, 2017	45.65	50.70	45.65	48.78
Mar 15, 2017	45.06	46.26	43.24	45.73
Mar 14, 2017	47.75	47.78	43.45	45.12
Mar 13, 2017	40.17	48.38	40.17	47.66
Mar 12, 2017	39.88	40.96	38.05	40.16
Mar 11, 2017	35.30	40.01	35.30	39.72
Mar 10, 2017	36.70	38.29	33.66	35.35
Mar 09, 2017	35.75	37.41	35.32	36.72
Mar 08, 2017	38.03	38.17	35.56	35.74
Mar 07, 2017	40.13	40.64	38.02	38.03
Mar 06, 2017	39.44	40.33	37.83	40.32
Mar 05, 2017	41.67	41.74	39.11	39.44
Mar 04, 2017	41.86	43.63	39.92	41.64
Mar 03, 2017	39.71	42.00	37.73	41.80
Mar 02, 2017	41.58	42.30	39.30	39.67
Mar 01, 2017	37.28	41.45	37.19	41.41
Feb 28, 2017	36.42	38.40	34.41	37.30
Feb 27, 2017	29.37	37.96	29.36	35.94
Feb 26, 2017	29.14	29.96	28.48	29.45
Feb 25, 2017	30.12	30.71	28.58	29.15
Feb 24, 2017	30.11	31.81	28.47	30.23
Feb 23, 2017	27.18	32.62	26.15	29.98
Feb 22, 2017	29.93	30.08	26.93	27.16
Feb 21, 2017	30.89	30.89	29.60	29.90
Feb 20, 2017	30.60	31.19	30.36	30.87
Feb 19, 2017	30.79	31.28	30.48	30.58
Feb 18, 2017	32.10	32.30	30.77	30.84
Feb 17, 2017	32.54	32.79	31.73	32.01
Feb 16, 2017	33.56	34.22	32.52	32.56
Feb 15, 2017	32.30	34.17	31.15	33.55
Feb 14, 2017	30.40	32.60	30.20	32.37
Feb 13, 2017	31.52	31.82	30.10	30.38
Feb 12, 2017	32.70	32.98	31.61	31.61
Feb 11, 2017	32.71	33.67	32.15	32.76
Feb 10, 2017	33.35	33.44	31.93	32.70
Feb 09, 2017	35.32	36.13	32.25	33.34
Feb 08, 2017	36.45	36.75	34.58	35.30
Feb 07, 2017	37.63	37.78	35.46	36.42
Feb 06, 2017	38.18	38.26	37.58	37.59
Feb 05, 2017	39.37	39.45	38.12	38.16
Feb 04, 2017	39.04	39.55	38.52	39.34
Feb 03, 2017	39.25	39.31	38.01	39.02
Feb 02, 2017	39.91	40.04	38.64	39.24
Feb 01, 2017	39.57	40.29	39.44	39.89
Jan 31, 2017	39.80	40.45	38.94	39.52
Jan 30, 2017	38.65	40.31	38.52	39.98
Jan 29, 2017	38.26	41.53	38.24	38.67
Jan 28, 2017	38.23	38.98	38.09	38.20
Jan 27, 2017	38.71	40.16	37.90	38.22
Jan 26, 2017	40.09	41.55	37.64	38.52
Jan 25, 2017	41.41	42.08	39.69	40.15
Jan 24, 2017	42.67	43.42	41.41	41.41
Jan 23, 2017	43.34	43.61	42.79	42.85
Jan 22, 2017	43.50	44.49	42.79	43.31
Jan 21, 2017	43.60	44.42	43.39	43.51
Jan 20, 2017	44.22	44.22	43.12	43.65
Jan 19, 2017	43.89	44.35	42.99	44.25
Jan 18, 2017	44.74	44.98	41.95	43.92
Jan 17, 2017	43.58	45.25	43.40	44.68
Jan 16, 2017	45.10	45.23	43.30	43.46
Jan 15, 2017	43.63	45.41	43.02	45.15
Jan 14, 2017	43.21	44.04	42.90	43.64
Jan 13, 2017	42.66	44.47	42.28	43.21
Jan 12, 2017	40.07	45.42	39.44	42.81
Jan 11, 2017	45.63	46.04	39.76	40.05
Jan 10, 2017	46.22	46.37	45.03	45.66
Jan 09, 2017	46.12	46.47	45.59	46.10
Jan 08, 2017	47.39	48.17	45.62	46.11
Jan 07, 2017	47.71	47.87	44.01	47.38
Jan 06, 2017	49.79	52.24	45.74	47.46
Jan 05, 2017	57.22	59.77	47.70	49.84
Jan 04, 2017	49.80	57.25	49.72	57.03
Jan 03, 2017	50.09	51.71	48.61	50.04
Jan 02, 2017	48.36	50.26	48.14	49.79
Jan 01, 2017	48.05	49.06	47.97	48.47
Dec 31, 2016	50.48	50.48	48.01	48.10
Dec 30, 2016	50.52	52.24	49.97	50.38
Dec 29, 2016	48.43	52.93	48.43	50.99
Dec 28, 2016	44.02	54.11	43.72	48.49
Dec 27, 2016	43.50	48.31	42.16	44.38
Dec 26, 2016	45.89	46.91	42.67	43.59
Dec 25, 2016	48.52	50.01	44.06	45.85
Dec 24, 2016	51.99	54.89	47.51	48.24
Dec 23, 2016	48.02	63.97	45.97	52.05
Dec 22, 2016	36.29	48.57	36.28	47.76
Dec 21, 2016	36.17	39.32	35.77	36.29
Dec 20, 2016	34.55	40.06	34.24	36.02
Dec 19, 2016	36.55	37.48	33.91	34.47
Dec 18, 2016	35.82	40.63	35.14	36.44
Dec 17, 2016	40.22	40.22	35.80	35.84
Dec 16, 2016	40.48	42.30	40.06	40.22
Dec 15, 2016	44.41	44.41	40.08	40.31
Dec 14, 2016	46.82	47.24	43.13	44.33
Dec 13, 2016	50.02	50.02	46.55	46.78
Dec 12, 2016	48.48	50.12	48.33	49.92
Dec 11, 2016	49.60	50.56	48.34	48.48
Dec 10, 2016	50.35	50.54	48.11	49.78
Dec 09, 2016	53.38	53.44	49.70	50.37
Dec 08, 2016	54.00	57.45	53.28	53.30
Dec 07, 2016	48.74	61.18	47.71	54.61
Dec 06, 2016	50.97	53.08	47.48	48.74
Dec 05, 2016	58.39	58.59	50.81	50.93
Dec 04, 2016	59.46	62.11	58.35	58.39
Dec 03, 2016	59.85	60.85	58.66	59.53
Dec 02, 2016	63.63	64.50	60.32	60.32
Dec 01, 2016	68.46	68.46	62.49	63.03
Nov 30, 2016	68.76	72.94	66.71	68.69
Nov 29, 2016	71.84	77.66	67.96	68.72
Nov 28, 2016	69.26	75.52	66.21	70.96
Nov 27, 2016	77.33	80.42	66.66	69.83
Nov 26, 2016	91.13	92.36	76.02	77.30
Nov 25, 2016	96.64	106.89	88.17	91.33
Nov 24, 2016	78.43	102.42	69.08	97.19
Nov 23, 2016	57.54	87.68	57.40	77.56
Nov 22, 2016	54.01	72.02	53.39	57.90
Nov 21, 2016	59.96	60.23	53.94	54.02
Nov 20, 2016	65.29	67.63	60.27	60.27
Nov 19, 2016	71.12	72.00	64.63	65.70
Nov 18, 2016	87.33	88.84	70.47	70.64
Nov 17, 2016	97.48	100.42	85.39	87.64
Nov 16, 2016	109.71	115.62	96.92	96.95
Nov 15, 2016	105.16	131.22	97.43	109.34
Nov 14, 2016	117.55	117.82	97.18	105.06
Nov 13, 2016	143.17	146.23	117.26	117.26
Nov 12, 2016	183.02	189.54	144.11	144.11
Nov 11, 2016	224.67	226.17	183.24	183.36
Nov 10, 2016	254.94	257.49	224.83	226.17
Nov 09, 2016	331.69	374.12	222.51	255.58
Nov 08, 2016	233.78	308.64	178.98	308.64
Nov 07, 2016	319.23	345.94	236.00	236.00
Nov 06, 2016	504.27	507.50	320.54	321.79
Nov 05, 2016	599.52	634.00	501.69	504.57
Nov 04, 2016	887.66	889.80	601.84	603.98
Nov 03, 2016	940.66	1067.59	863.81	887.26
Nov 02, 2016	1326.29	1409.07	872.41	942.78
Nov 01, 2016	1599.72	2027.05	1189.33	1333.74
Oct 31, 2016	570.91	2217.64	472.73	1624.58
Oct 30, 2016	2014.38	2028.46	504.54	574.82
Oct 29, 2016	4293.37	5941.80	2006.47	2044.47
